858297
261723
349103
25160
84506
827676
573606
716702
909345
778418
497787
969946
736846
789712
175370
293820
936326
919535
181471
492551
98327
501678
242587
155956
491403
570449
796167
958657
769720
789088
471682
272418
609861
96336
337717
100571
210800
252429
333027
217843
549579
922982
501937
646178
857101
832012
372659
97650
508921
512128
425581
62657
823393
745514
497987
545511
314823
537934
305142
526957
522242
705481
866215
37814
630514
863909
553421
684825
744076
532923
430207
113876
970598
646862
633966
209048
845889
975775
353783
863375
352528
652104
799785
563445
213622
336511
377358
233469
789519
613051
279861
984833
355786
493974
477927
316848
939109
589049
603326
181135
372003
545782
475204
9804
225148
730756
528855
59272
443446
642761
443467
72301
967098
354882
748501
789258
914285
440463
707463
309187
334450
297431
102751
682907
758881
431596
18486
871847
870780
901956
989043
358540
785157
891823
95554
449971
915636
486547
755847
416183
15887
335137
855525
301685
522773
312667
407560
147524
9203
912092
762810
944674
445387
672147
244299
455824
725236
598533
871978
779275
812737
894227
138241
698025
500394
831377
820394
779542
940679
265823
207608
30391
180069
865398
29067
786923
551391
371401
339467
876897
609623
419025
620001
602433
430071
105682
433970
903914
308908
434598
338387
330720
847958
237289
482478
594617
300706
751983
569092
899248
516174
774978
371923
353696
419257
784625
930032
958005
868593
34285
938848
325338
47485
990448
847802
378346
708509
675994
527740
206672
106006
369792
191335
954485
443235
90718
74156
456968
709797
891593
521625
523637
115070
680443
962368
466012
750313
229478
915103
800555
243964
981825
776214
946952
215442
437156
939243
244757
791209
174613
106459
974506
410535
663310
38311
909002
500392
448637
938583
353577
741991
546922
253095
869396
368164
755334
249018
535571
521787
340931
898853
544043
620676
723734
222451
926269
875529
548075
280162
84697
59761
974229
203090
87972
853734
90089
47043
228761
295644
17411
257004
748480
982178
213800
379357
730704
676809
277707
927744
62042
622578
708932
770293
474391
564373
872516
580672
857455
961056
265864
125194
884172
231076
789778
968725
254563
797416
376259
613005
816516
935541
145402
295763
484633
172760
411636
143986
372858
582627
894969
599574
582192
34112
417401
285249
567178
304723
52471
665816
705186
414993
475167
653722
996156
573388
866385
864059
202649
622788
734967
857410
579452
761292
971397
325765
167887
729787
613442
992868
841810
309906
523485
749671
299751
138663
659950
469566
262902
863820
187120
803835
233533
128330
408630
776673
641315
669887
413477
375939
705335
156919
906281
695642
415692
152067
914446
581876
604116
137054
978182
422134
520778
792027
694369
32429
438044
322529
361926
495567
708555
297121
727779
809910
830944
812714
700470
92782
727873
970640
830245
518719
631717
927820
703349
266710
117815
867908
605851
771946
780257
206618
376418
769568
893360
441796
830187
450236
90764
985961
694217
276332
162035
874725
136240
620844
224263
481369
166584
977232
241583
919901
681352
223642
281365
986544
314047
623281
918572
577504
455954
686265
628188
603690
838249
518420
822979
202133
281444
980648
519936
451601
775565
684689
869310
979848
34500
633655
622910
521646
216694
832843
231382
972501
768679
414662
311052
358807
171128
106421
438921
738906
320853
497729
664448
839067
189491
619528
784295
267194
53031
912959
741391
729274
931854
310641
67926
165094
398221
789102
184349
664061
890181
890299
426159
582012
986616
709041
255630
225414
284563
763967
149783
51977
736078
909400
892803
485362
145524
102225
827823
332917
390384
254540
334112
874400
964090
598113
928431
849389
392965
529256
272940
51121
442140
924337
319095
766000
469492
630915
743270
484271
586317
114860
789842
495713
666425
631278
938903
761526
902000
737804
875793
413197
477965
834488
560413
55521
87258
699969
994553
69402
941287
622416
871766
115584
943673
53852
151139
495521
429449
423757
857291
258564
41147
89218
529842
908608
197660
543275
175646
610187
30742
895031
607821
946774
308616
369425
510435
676526
476745
964452
184864
838459
381192
987512
496041
590658
506969
189247
638562
637981
914603
234237
226377
854663
905227
134943
616421
990571
997037
948744
660331
564870
54812
809027
244889
523902
518727
606217
751395
828105
485730
513956
327521
690244
778820
429125
105431
969889
877669
902564
427800
280164
111492
18043
754267
793302
620147
296977
453678
219299
553729
685331
665617
177114
579239
246018
469953
362923
533456
997339
132150
463427
479094
452078
503339
58251
682194
487191
186993
561911
181778
757034
436892
671745
343869
448673
384397
375253
935288
988901
100719
928708
962460
809137
42500
89372
879609
280707
625923
231138
547997
522638
820738
892221
141022
672373
46328
547150
640039
515235
727650
667877
796256
766755
675805
671314
829237
793629
973413
750304
512967
119295
785116
954263
643561
804364
494891
199723
157476
380683
427504
912391
897536
909122
607702
482033
159261
63918
866772
143527
600311
773420
669454
225815
775600
188167
818627
608968
186866
118575
630449
284384
710706
511084
229143
914995
218385
472820
69946
830706
758475
307887
27169
150510
466648
49937
279582
227507
769723
324755
535481
861419
105559
976611
981888
695005
880705
635833
508289
921322
546407
1993
95924
482727
319402
972229
927594
812203
817554
531195
901799
679400
388948
161482
244414
382670
240503
712575
748801
677197
746079
807035
768781
637904
506582
793627
309448
517086
125073
790094
916199
979528
473588
964818
307215
811993
806149
736785
492819
670001
747223
146127
335965
124328
21606
315405
460439
217739
610498
460859
51069
910891
676153
117491
24076
214315
307551
336569
132590
281793
290239
672393
302642
471255
919090
634418
458303
514590
886614
351083
616919
93240
296488
473508
382256
712989
352945
722450
735781
97414
145318
434302
970487
827030
778506
4589
9311
869834
408609
498980
742736
85676
689605
610055
597247
213850
424786
413138
751073
769079
318846
190745
582219
973842
271331
90499
559823
793089
208175
408016
993259
128495
530517
160476
272710
200433
225438
76229
363585
208026
874144
97531
589649
436289
71481
835946
323011
940244
625696
808520
67204
54039
170735
680296
704834
18665
668236
367421
859759
188417
286688
828753
66852
149630
401720
473849
606106
244496
762734
754956
536232
152693
21425
201081
701198
40529
10390
725635
976056
198708
810177
532684
976151
509621
859489
641854
476698
131312
97526
39652
60808
470620
845781
870799
265143
855871
150611
571957
630190
110137
606382
813621
361752
548573
317475
752957
421326
210655
335713
906958
698676
201214
481670
437810
821770
123329
96444
212712
992661
330778
45564
357939
848051
87376
471948
455198
688523
107870
551041
716029
474125
908233
313687
709322
780444
187211
673117
946286
590570
134016
692955
90317
584865
278654
579943
464373
12499
238025
10960
345789
716591
623698
510322
309630
143340
903917
856286
438613
137533
482979
208177
183264
116411
661691
653721
237017
296641
131859
503740
957289
763239
999408
78058
422380
478157
68443
89686
150626
688715
23654
883409
297446
734718
472709
486000
353990
625357
562120
409877
437696
986152
924122
726384
807429
456032
607475
537905
225382
851557
88919
321270
326287
350579
716240
152930
495207
688997
66274
292052
848576
864274
445272
821260
625211
558223
593479
57554
730430
533651
812903
988581
189840
164757
172707
140095
617118
237997
926721
711977
780029
260708
496592
412098
584324
431570
288081
149466
49754
226657
549042
727946
711376
841764
990746
429726
722927
703666
19968
5055
671711
438266
638472
450509
128341
788153
131877
660731
872176
19116
756171
17712
575787
146882
921007
371477
583345
509246
288841
625871
491086
66872
569174
446311
678561
355296
224031
627680
640885
981229
676706
906167
258738
631810
496899
254114
179535
43316
653538
652443
695812
655147
338388
740251
317141
933643
965667
66082
878516
16451
802457
242170
722458
13903
702457
342904
29301
978543
551873
448096
689080
365454
40168
183119
631360
698087
355512
668439
177769
802555
761340
536642
925608
227298
524932
893799
83380
991284
134148
493642
92968
383104
504255
138012
832942
941789
861520
975299
61405
305057
545698
784808
223270
507929
276674
108006
639445
733296
543940
568004
941251
704828
222597
700366
685919
926107
599941
47960
437338
350301
221193
56282
724027
538838
628912
183962
976897
698434
245968
560946
901983
614089
398446
421807
877058
297197
184668
465109
528173
248445
886606
285050
256096
790116
466291
875166
534655
856235
986708
182024
90531
5507
109788
938395
857318
337577
70439
323657
444476
949709
32877
751306
756923
645644
702966
313423
864178
143844
842013
398945
767541
326695
150973
241611
673363
713152
209936
724375
987097
540892
944253
977782
430252
614588
726292
675972
233862
890446
607852
72935
132937
326743
158904
113226
176473
588612
754842
362581
207583
317480
935490
433068
135884
435028
973155
367391
958514
470957
545566
66939
415325
624169
876
488422
631867
563167
819024
289896
879028
390584
18855
698461
581641
954314
750046
543114
345520
363608
865608
823098
148561
441724
250034
169944
762756
718964
96870
585697
832032
674824
688535
997097
176356
807451
192694
569923
379229
400362
850263
108964
420805
332219
92574
15674
297840
440879
776852
767433
66513
653772
72443
627757
731418
163398
2712
591972
522041
638056
181786
359121
771712
615214
777332
305026
534332
42830
935761
105044
433363
86823
822235
304302
102114
50818
508455
648393
545683
688320
526861
278721
404510
285837
999836
108305
417685
47653
594610
550300
415779
542855
440824
956940
649771
285286
402533
859218
326807
481117
259946
422216
397205
317995
970253
313092
779401
39370
135192
797572
298248
888284
775057
593385
149032
573578
326119
216772
845635
721529
20812
801495
739834
846699
402903
225401
2762
391034
343460
436204
990016
391555
79408
895490
129287
899263
690972
753075
182841
585786
475142
549321
900749
825693
985980
210455
593191
849359
605886
600948
769886
173171
18192
819334
719630
363827
13824
332014
285387
460502
21459
377918
734402
649524
764316
538053
27500
136452
233971
533730
358526
502092
516714
810572
742064
754223
383468
650170
864721
357038
888163
473486
356252
982672
864161
147311
712322
362921
17267
525369
127691
617820
887014
394033
268458
474648
943786
230316
481069
186082
810219
591796
170190
629597
87500
72663
598441
565443
195609
354271
993214
801515
178668
781183
498212
63963
474552
961461
211330
691458
222070
355299
61170
830305
430907
479448
198259
632521
845924
22256
329512
607192
659201
10955
403581
903002
19102
387740
994411
227009
228247
754135
606047
729400
156925
379536
638599
534485
393175
971254
686141
804072
481701
270844
447296
35334
753850
184566
870199
57952
688039
470199
525250
295016
235267
135625
197785
843797
258594
806469
103011
388191
56138
779661
322152
890617
133764
447285
974629
533053
477702
531862
67340
342704
550033
221711
214966
496862
885414
787430
403329
170467
613318
651805
22862
885023
162801
130606
13918
187155
296830
454775
618412
453158
873778
660668
735347
892895
651649
86746
650291
521418
110528
25565
919818
965237
938675
661404
385345
215603
721390
240051
97846
936246
910472
612723
493621
987588
517242
526924
17979
388372
212116
56170
202940
671342
428503
943659
41766
132180
119227
287684
206969
914048
204085
940296
9378
328353
921018
446318
342331
674739
139388
177686
834212
685315
242651
151003
824723
724479
225406
870207
158019
738541
544188
730392
775124
27378
179176
417034
751356
727721
746838
485211
97204
422772
71991
368357
815590
698626
345534
315339
173768
456566
546396
178884
19203
385756
705930
545306
215912
324399
91398
718941
849022
53791
855902
607407
831534
649328
830310
987134
164426
102750
647692
662541
594454
818074
523792
298192
606654
487563
660483
436767
230247
476062
947425
516278
994264
182467
545364
656623
825334
79535
532216
594063
77836
48595
777959
968149
757080
727055
963578
750219
512759
788732
472520
246189
410728
105213
269470
186095
787167
998955
991250
884815
232227
888901
641926
18636
696918
504697
335925
313744
274639
231918
65772
117192
221655
873881
614190
141751
338625
538239
56717
681674
510219
20925
25832
287344
232863
441900
902042
309934
3943
248308
980427
426568
666585
991432
916401
554136
679233
536322
63673
964940
447898
135107
61789
47151
776370
10341
498256
587869
636640
82059
165113
943169
599859
779311
58115
582613
542870
344747
650207
246231
139150
16672
6669
223899
39141
75770
676725
71881
266845
884996
208879
835384
667707
61266
418429
291771
659745
731800
539412
557969
393976
246760
405215
836187
30637
919465
719399
987010
768589
650373
407180
530624
831229
17997
853201
199261
350708
158533
784403
387670
39387
473758
748322
409378
286809
859567
995404
534246
835713
832634
466308
307044
453448
873002
393034
671792
907907
90366
60892
376929
817819
507415
455960
568387
875779
335806
425047
826487
649845
447387
51161
278195
169119
83620
631396
894008
44805
153726
442456
670181
344258
541472
758745
491829
101446
976302
370162
867970
13071
462903
840866
141998
14127
368173
70016
584406
186489
448577
136670
981470
569752
994842
661137
21075
758184
665146
601266
496392
809351
497757
819242
248234
688379
54850
767906
554954
477917
859667
107713
597341
407549
15517
666740
229222
73320
841837
95204
628389
369706
65813
544551
55400
400949
304736
883499
835061
385282
493962
64693
86686
927501
229104
181887
836932
751557
878078
231300
930272
642340
77681
339729
109464
412167
580671
952548
912030
202347
657442
930560
555672
395437
153688
644033
149734
367330
293236
154016
29647
954561
89668
243776
370832
362914
308235
966741
836234
608137
920034
954450
248030
153894
249889
915338
448128
520704
913717
759782
736025
709723
962712
365859
390767
18735
509208
264698
974849
743495
242182
352710
702449
798336
954758
22876
912352
464183
167828
305676
868569
820322
577967
898808
399445
359588
160303
616757
760905
372939
860710
889794
170795
783871
77601
462002
312321
774416
867230
8768
811288
399557
715290
710884
357527
385862
184317
15823
667512
968304
848198
445369
892419
376537
843051
892206
575218
862364
59599
592908
508092
976401
446497
108644
686774
464618
82161
701206
176080
986746
494516
266132
687712
736208
910448
768967
754460
514041
359431
615947
972894
306961
581219
696233
218675
649540
340764
170787
743099
675703
606559
507823
74364
660665
822321
618456
384201
84166
31979
640565
99981
783427
598847
892892
208042
147972
324034
530554
560109
482603
719292
317075
139671
967681
421387
242494
494254
791784
198110
616247
533310
103381
631230
627791
54549
841506
811161
928692
405812
66043
881439
229806
78959
830104
854166
896038
74920
1389
802106
443728
7861
785352
554280
943146
421313
515341
978071
104731
148135
890960
620270
322061
1562
184472
441306
84249
351906
945914
992812
664960
860337
493408
870512
267442
828193
527270
633491
599904
927517
93986
131807
277149
503065
211274
61741
573274
254323
122749
523123
417830
843454
962000
773389
495526
741146
950935
977621
960328
738919
586666
521745
499065
274688
9981
543148
814577
658769
148155
314272
649944
461358
959880
940403
337091
942307
560585
581109
900655
706547
20490
955364
508144
835361
859159
73474
415940
471482
132174
640450
51872
674772
17485
257725
7158
313170
354030
772783
241496
804813
814170
228350
245179
253234
809173
399131
983420
87310
43138
853771
34005
817414
144877
761373
858360
66692
682944
765502
566779
299719
40931
775620
151609
523649
87392
463155
268906
304583
972617
433352
890815
53711
816456
727651
468185
73775
240531
610247
985067
558653
465797
100987
448565
919318
865328
640017
835683
410516
301412
137167
654285
340861
463170
888239
520977
648096
221586
463982
639189
529672
928029
447090
643032
334337
652214
983187
763915
356471
727625
969634
727652
345240
583403
222897
309155
74527
711806
543552
143268
823753
736647
116977
545315
633020
561388
19737
117417
380143
316739
517893
153982
851174
374631
287065
477764
986808
528689
250945
80487
284215
845983
455626
742611
656758
335460
719252
799899
66350
723260
904001
658313
522652
697654
387514
692945
917632
262016
693455
200370
436509
62456
260156
168855
538009
152700
404828
512387
994036
284855
135314
592810
301507
76492
228792
345638
733237
310588
606907
426595
10676
866948
899286
99312
687172
645524
347164
299987
112741
188240
876910
2786
795880
518356
955036
926223
967269
142030
597460
134663
388955
345076
75802
626544
447449
782442
995877
630700
308241
854554
454550
674685
430537
146027
595264
562300
863794
464631
766500
816725
83614
454833
6208
395330
709907
933924
571898
269459
628179
324669
997599
567414
703188
726524
264208
279947
22567
138637
379804
113411
717210
832679
324662
830452
775822
71363
588707
13121
167535
71893
400740
739533
925498
839411
455102
314140
938056
201434
451025
707496
500494
828993
800940
44827
409689
802168
6400
370342
174844
732486
277253
827202
904100
654381
106066
229820
986344
760295
326252
735925
100383
20899
456835
852677
248668
464087
429470
430369
698141
966191
154011
6682
891306
638945
94096
365513
106073
764171
61530
11751
423253
407152
882655
162929
114645
612166
81903
82444
264444
776788
876318
570753
65606
94720
680354
902430
903661
992718
796904
976166
864878
52510
209564
750334
248216
269288
868326
619430
420585
505874
814396
925240
630416
985263
542157
153440
73871
94143
468205
760182
118842
875430
957035
235285
166793
967709
502082
365897
760183
598506
161919
639975
926186
363164
811120
957727
593261
42196
135422
677457
424688
421585
427875
87789
948128
165651
442876
867015
850719
766960
885019
270091
146740
370050
310184
394466
345156
805872
180813
323225
63967
588879
336157
179553
292405
212123
358078
439804
793361
810482
348586
932950
731995
385532
349793
874
600538
483284
625024
164239
321618
30653
527814
276867
673923
669687
139803
257668
720049
101865
198586
490059
231581
113424
828380
283453
754853
380083
216665
179154
810351
592660
429997
918529
65087
439048
574029
829022
885158
901772
503304
217059
775198
620428
221440
728755
191011
508988
193508
359269
764364
515880
860806
804268
227018
941695
611396
229878
139305
555979
698320
196500
726549
499034
954857
566064
891728
226056
411660
202865
11879
360751
46806
728325
402086
234509
537719
480526
436257
729576
922552
69957
530054
2964
947318
906311
197703
492427
956577
26550
938236
813884
660895
659142
949347
228892
113231
202377
101673
850548
435710
93389
281583
48443
69876
216896
734084
703488
194832
722980
431912
858413
591467
53889
939164
359227
692365
673161
19982
933302
133694
285083
399466
627987
141463
553910
650312
782687
704500
246335
994686
360361
702748
662108
506199
281682
193331
744561
281943
410265
888251
133024
779399
326508
325076
468260
13388
172317
568265
401062
641380
51231
395688
727012
596412
232760
597077
514648
111026
420715
784903
323930
790659
231387
572035
485369
952730
342470
126013
918930
650136
406876
912508
163190
933868
481447
663174
811700
999098
421649
270263
803446
322088
749593
912154
567921
443780
491068
438512
628213
819720
561211
489143
221313
606705
790620
229567
460522
330447
510086
27526
708041
477271
46312
112766
771337
980963
507437
290702
490942
836324
823287
214438
62637
468849
297400
725099
330794
143633
643274
816485
589559
658470
162237
582510
435333
692224
665683
462517
492077
417389
775464
245043
564016
30156
756630
786842
540220
203448
133159
182011
263339
32882
12865
563958
916659
944630
171130
450998
400215
997992
560822
380397
997043
393282
19022
669210
569885
799675
623962
534382
662474
919261
694109
398202
26687
812015
140585
703100
410226
177066
825150
226720
936067
11343
344059
580007
52206
36567
164690
289912
907749
990338
96798
804174
693395
433851
523715
955624
493755
334822
662482
584122
705857
366222
617151
238483
217478
897630
843097
521316
971054
97721
922990
160470
860235
459721
427761
675797
244720
246524
153421
902155
102871
330373
646630
849040
82972
520427
808481
91197
456997
278818
517557
637237
208649
135274
956903
198637
613041
119972
354094
54941
244944
741148
778140
211872
758070
536406
68568
518416
19785
5227
417264
410909
719821
154723
799319
587009
218602
277772
239063
899755
13235
439695
997772
473775
331912
614877
314579
357582
344835
570118
167410
48509
344727
887613
814629
80165
884572
78891
831379
329060
394800
55983
549724
436993
443541
185499
515040
404926
317744
104346
918338
297541
850408
982333
949839
945724
560334
846690
718365
863001
548660
8130
896384
357913
835905
457362
779104
202028
919561
120691
919749
996368
369227
696247
45065
346572
333922
262792
842309
583999
728210
57528
274326
95868
171724
440929
40040
726661
46876
49161
609694
80180
454359
272434
416583
322081
619358
813770
494688
663719
227385
593343
794996
208443
842679
246362
771256
521997
662981
485497
441732
731230
648977
143102
38778
110028
28796
386326
389722
814404
407797
394394
237913
573429
941596
751310
422010
980469
92740
490211
449333
809595
118477
48161
641346
650147
373068
181573
951163
344353
962318
916124
942503
199779
539962
496716
856702
172056
754653
169272
198954
405840
972629
73188
700108
12390
201531
900379
38691
673978
169892
689404
902540
422932
751595
64510
169295
209103
821848
314699
241962
504501
402220
851201
795441
787397
980320
965362
375471
75487
657842
355251
924169
95281
481196
52211
300148
91055
554198
474148
262437
861466
95771
821291
596288
87207
959854
961405
433551
788955
835928
454450
413889
457696
658230
974045
55100
843391
576279
463154
190441
13582
749922
360815
208140
361604
584077
253014
252689
455350
21696
882457
499456
166181
167024
48727
240031
224034
373300
74294
411129
287295
713234
1869
155401
786018
240609
477400
268710
329682
240863
461669
220946
799653
353237
628052
302306
552681
287523
706946
712807
959957
423509
553772
426162
227604
297728
348184
470950
170309
945599
528516
18153
189392
153596
909297
401709
654043
972824
402528
986705
733196
101342
561148
200977
461589
247043
640456
563172
593841
492138
760450
360730
201694
744490
93216
259319
690531
5603
583170
332872
141935
153788
164025
322305
976498
274630
551625
158758
171539
336146
163725
825833
675776
973748
166461
594575
756262
316132
137547
753160
461885
705848
194192
562634
90094
535280
413451
858419
52688
340486
154757
54937
996138
374680
702367
609953
107405
45410
854027
133591
866740
751678
694319
158080
496348
586188
985121
308003
653403
158869
20592
552087
802525
243875
37979
128894
720700
694380
178728
350657
648626
653741
829869
425772
6148
591072
343941
585657
521038
474196
58555
580266
665842
787585
982353
534068
494460
478806
618477
680598
211441
5818
22898
367019
729469
983879
62949
493033
350747
346449
88419
761646
664793
543779
169446
632638
454484
362400
727309
644435
452163
774724
40264
124147
86288
248449
654640
297771
496729
346834
15860
829827
242915
311681
209836
668411
555620
761583
174252
538407
275102
230601
287848
579349
323386
994288
671559
7073
744163
864301
845289
581169
101846
795732
944099
252551
720590
209132
327772
787719
782388
749759
133678
632547
602950
110001
945640
350316
43489
868573
461721
855458
78749
565722
315608
49230
583992
282581
799725
525823
260172
835436
591992
460813
785659
751389
436919
190610
634891
665129
437170
889982
848101
680907
619264
617729
411909
34192
300337
324281
356273
929471
17085
485021
86545
861880
268356
135354
888223
239618
122571
14647
959047
451267
836637
49542
605001
636083
110908
268529
325959
369427
857901
683110
517504
751628
258056
971700
392061
475387
535020
765929
880787
859427
315048
289375
351833
107137
924562
913574
462868
709437
267942
680336
161877
969271
335527
306494
225011
187535
675568
369619
446314
14342
259146
73591
804546
760425
923539
907281
617425
136278
840109
449366
131324
725100
529452
321962
804314
264037
761362
520667
502782
394409
751627
186137
460295
838909
214520
786208
907455
21135
762170
227336
611698
49710
859834
456157
230078
904918
546554
476468
393152
34176
194036
592034
666098
350322
807775
50731
142177
306813
471600
427040
23165
106824
944437
433108
952142
226200
211845
561845
573563
581962
959892
659573
399301
604478
135549
368252
840426
239761
987306
419668
18414
89213
529014
561422
464070
746837
166614
654169
666359
469363
255419
550653
786885
521773
163370
476361
600052
354341
114060
246299
789685
723432
92608
60628
16769
887817
562651
752021
652358
320603
647837
977452
899089
992214
971166
878525
781073
453601
607194
771374
489830
581071
257604
899517
450250
628011
462
861592
715626
56635
872097
208384
617785
693481
896735
532677
192867
943824
255462
60793
872683
956538
111878
197394
616016
570461
138302
397485
62488
930025
313938
698519
359589
569870
927876
244262
535625
301526
675854
333306
217605
802317
483641
882946
777443
843523
839723
176525
810950
797655
743266
722230
25400
825437
955319
340083
196950
694802
569783
909343
499623
253135
779928
472505
798885
995573
679592
497572
740726
73666
681244
76341
690547
142368
50103
698252
710033
550228
310093
467288
742202
814803
211350
793032
443164
267331
560757
288569
688386
875365
732209
459969
322919
155495
158540
852865
895314
686669
165658
741394
492429
936815
483556
233214
542606
799152
168396
498248
33867
40242
110800
996129
767470
627001
744243
668948
765858
895347
275373
599166
933819
954961
156664
917818
958590
644762
535766
86096
728392
992099
916211
253178
315858
967250
692445
744063
606318
100592
50201
443783
82884
338082
934416
518589
791403
475835
633060
555196
5275
991857
668334
398248
404202
72480
59831
456094
847677
180012
12111
499755
85251
159720
420117
685207
188037
256497
904657
815554
151848
78627
870548
462872
880724
608526
810379
313064
987422
802481
934933
882324
286437
953038
95597
739316
335063
600150
482568
627098
968390
312074
215660
947917
453936
2366
439294
689131
418354
50962
567613
378597
995086
336971
826861
180944
66849
112816
832056
856935
864607
870567
520609
172549
260541
469158
241615
608678
409210
900679
145257
645264
928124
981947
120850
725721
707663
275940
102976
333799
617272
92346
136651
301721
652637
559354
742213
795217
144198
562225
187188
283022
831202
357571
449719
88199
664301
441723
152164
312653
564384
313248
344900
557264
517858
88341
151337
827645
153575
218716
840698
60016
279437
651671
777930
779673
941027
268006
313749
770613
408257
130088
972210
444035
215056
184488
487216
744114
616951
212800
113611
165062
788965
818875
546659
607325
803918
941038
298719
226746
574093
490133
822972
350481
786186
76780
876395
607182
56817
366818
894503
729355
157659
690274
735171
233624
426669
80751
383214
179646
598369
816484
636425
303794
252993
589278
228790
176637
978951
261650
565914
913229
488086
466823
255761
682084
814031
753760
7466
364355
431166
298011
452139
4870
215068
650968
50323
717226
419382
85700
503691
612848
553302
414009
703504
448612
298213
833771
319123
926878
747014
9619
848621
955305
738025
23124
256286
468431
834789
912668
559099
357082
959844
885348
713608
718283
261529
666020
157130
140943
277997
124582
142353
835464
312188
183065
387388
692845
576500
562233
210155
744058
932631
195891
615162
896145
263541
85286
636483
360783
497172
173455
264843
759967
519544
872673
971759
216833
169096
279802
89814
581695
234329
451850
302024
71855
902100
97546
158279
325906
405626
608686
610623
639614
91571
587778
426382
624604
435617
491853
589897
50057
547384
207606
644468
171887
637289
401059
349725
212021
273979
223108
673419
73039
847012
864408
431418
862151
336427
12481
690409
262120
449845
801600
603855
353769
454576
840208
619634
496951
381451
835193
468443
84534
342727
771455
636992
412990
796423
83937
919603
737958
502047
939381
243458
199971
679468
815525
927130
312717
966877
417489
269334
404229
468585
40416
215491
826507
744803
826615
259044
176097
815419
303886
178104
523019
977940
717428
135777
918759
631899
807506
490469
25611
639062
690406
176750
851433
625415
891638
685151
845974
588337
769986
365812
328191
6694
954543
399012
297048
153989
702061
539883
779218
271168
731222
453869
879972
986944
194501
803863
525824
732577
162978
550922
571670
698073
695788
116512
531686
977242
685328
919726
698418
870271
708559
344235
416015
524620
454388
757136
5947
839909
939470
286018
86519
336484
460027
925750
106222
493357
850863
439150
598211
961895
559757
257713
426455
909686
689554
627776
640129
526307
213687
366387
464210
725885
710601
44697
913052
484291
382654
268817
993230
447846
783451
564279
603139
432723
512722
451631
749882
226097
541718
540509
837195
561063
867647
983814
752638
77526
868357
514564
847408
100786
18671
651624
933257
163986
230634
548672
480472
971241
366673
566948
763087
812091
443972
137990
21325
830155
892068
625533
976546
564559
534995
825674
269278
136852
378165
497301
888326
207783
29405
686283
72728
675528
61787
696643
152507
305935
602102
555541
82074
502702
440730
483985
860187
272122
632658
128941
992220
641378
683216
954247
39773
878558
501019
881455
964004
529193
880727
539920
627553
848746
439842
992442
220448
125263
962775
626787
402239
621182
676969
438542
280684
353353
366329
648398
435307
282438
309446
938641
914393
727006
505619
811907
196144
223438
889938
580039
486824
846133
317424
763376
4818
835676
689861
56418
993879
697420
769885
100737
227144
360170
812770
457444
615613
109778
144786
752854
405272
774332
602114
664804
374587
196349
125623
878264
640449
446174
869632
200527
648309
459493
626273
65723
558005
432881
90257
808573
649554
221215
102131
821785
292165
924035
962021
387417
710578
686142
965339
393555
813670
123460
523667
337379
829658
60815
217956
983330
160943
237210
699663
397163
150289
346552
551658
795628
831272
192627
962424
65662
842723
49086
164648
494968
757738
288514
922183
174981
348169
536428
672240
467746
523859
762461
496734
192328
334548
584033
471685
652619
730977
812979
803582
173426
405758
307900
582600
197567
752569
979520
391306
535989
345727
141667
914784
702225
791662
783640
785332
603880
738797
479157
10424
528049
37758
562412
12944
83776
305400
613327
544375
200122
37674
477664
334687
427237
786499
32730
502258
218570
663748
119717
292995
297862
541503
75909
376527
733125
839550
55440
932579
630584
363493
465239
442663
886107
307474
280827
997117
218949
705239
662364
876843
813899
138843
700336
833775
672567
562932
822330
870821
892070
521494
473995
620144
963318
323252
194556
958446
50814
129176
417191
517530
656032
535770
637164
474892
287926
937049
369964
97936
229827
674048
277621
392870
341971
893629
816310
297858
29306
931511
210123
303643
189397
347393
618213
603989
950891
56551
340068
843110
930392
74300
666089
592737
727791
676759
582756
331934
888923
750100
789881
936580
306132
44508
639598
551782
637369
840868
302126
937380
3949
973856
463649
179734
314686
794497
7879
286078
123780
771491
156663
542012
447375
888513
715352
642410
76817
590775
3944
956440
565676
640121
218502
914395
262706
603094
350857
903276
513015
219715
510672
504172
877357
334382
358821
457186
285988
663368
56202
403366
880721
527170
780548
554373
461436
135721
121195
443053
72422
781755
919929
286926
281788
524466
196811
186423
563848
825210
168904
748207
699710
874522
196177
244850
230331
812744
412138
288110
811885
231858
943873
255951
413248
14751
431465
219950
900739
495722
14089
18213
322849
33262
911194
739662
580491
459387
154578
520706
417185
372151
679978
338355
503991
343191
403995
373451
103580
72631
77409
8022
748809
82306
351902
210999
657556
284808
464252
20138
590424
951036
636494
570056
534816
686326
936514
633714
402421
321548
869916
666368
551754
274672
952032
36779
924213
35842
218102
577067
84594
636699
852395
328033
808433
489428
829781
521886
461493
800657
966562
453037
577194
239801
770852
803092
877358
731545
612596
427292
491399
566506
170830
902214
138911
21114
811997
437920
638856
120540
565167
232076
69205
405807
678839
114846
937696
249371
400372
789543
199674
618589
411431
182148
592503
69435
78814
468502
672868
238443
41367
98412
371759
626694
446644
930852
671811
469700
29184
623510
680163
143690
294001
933346
722875
55264
1648
239169
883222
973029
300665
590361
834349
371163
988774
120424
445306
315308
675
916485
266026
233148
389205
54639
579197
67334
894168
114883
458324
183108
44702
465334
334327
866251
936122
306049
308534
716070
670498
938671
920369
856737
557287
602909
196664
13632
308610
426815
878375
30593
769917
987699
906991
402830
874031
731849
670868
927420
467083
913777
285435
651210
234906
396385
21922
977143
88212
946882
448764
415350
28599
619253
343087
934190
693403
286495
62285
803049
143427
194176
614154
938449
29377
29858
951249
87314
681022
546137
947911
468413
670063
904978
401500
997691
172617
679940
879796
695751
276799
281822
534110
532559
484397
449611
281826
18064
309100
144762
858606
794848
198730
774066
708361
183839
930279
657746
145335
417611
887085
910102
846402
431770
815002
10610
998654
709438
850213
945321
598894
860542
708452
485904
266340
350990
163043
442258
354076
5556
870318
941594
445605
325518
906885
178357
914192
827131
286441
351811
591320
596455
819305
999446
294570
860672
569574
382963
174751
337413
80340
769301
721384
820763
361922
643262
343753
480289
759934
876637
757730
36145
463966
642459
303499
505690
706552
644550
341602
326539
387301
187056
261960
970043
681584
408387
681153
76364
205736
902131
567226
43764
193695
345682
626353
176059
817448
460545
837021
594531
449714
501202
470846
842793
2772
616430
998750
78679
271711
36651
470858
531206
855515
239539
453260
954693
290205
605967
976630
972120
513754
446134
13130
101694
745779
349041
480509
465106
710652
650453
264901
289816
597245
555614
909462
507330
262883
963087
877755
661784
741092
797223
606807
515783
985690
267864
910381
443285
309140
449585
26383
752587
991615
388465
180767
554255
771784
206359
203459
216486
217441
744398
774790
710421
736392
193658
830598
717509
220133
523285
404605
37983
41328
310946
435866
611096
873395
435157
79594
27
181726
928659
739437
43379
607056
256230
612579
424925
49425
463758
338958
47212
322709
36295
483929
312946
516199
692376
550727
935828
63897
68993
772832
851075
477070
478708
347179
507616
969671
752025
739565
59168
991742
141899
485674
298746
383840
953323
38628
414224
596303
564985
690172
980545
47339
734723
655196
445455
475056
534776
307682
522230
224841
135672
488088
519678
30934
914895
632919
778967
533494
68348
559281
62636
518603
970941
811407
654197
239840
521055
579811
443854
786672
517866
744734
624748
416675
253038
981202
800012
256886
800187
179018
857278
27764
910129
267372
184801
556500
216122
898571
471339
163550
976895
777779
28533
689641
661980
665423
881013
322033
456981
566545
661202
510365
