654244
197888
935615
44076
606242
321933
804428
124051
570341
488851
119318
692965
800015
579773
179047
309246
10283
826554
366258
226902
899595
783801
279608
137092
549059
34156
801724
916703
71338
79164
350453
805883
260016
860291
494342
831500
358297
931582
340881
41257
962137
750847
758223
468280
709195
666127
212661
36384
401476
71276
435621
930985
803397
217318
332562
634801
829409
820458
927437
465524
812856
234386
770343
551504
991812
732206
397961
616684
339521
555775
624788
594965
90799
255321
727917
472236
211879
932064
328517
876496
821773
394757
207142
252853
406926
746182
370369
566950
844721
194957
110150
632300
523542
570186
783275
432195
507823
32925
703419
340366
260609
379348
70175
598207
501513
638231
125820
427561
254168
557032
297815
417206
18997
630093
954697
284281
945551
821092
911115
72116
302832
842390
64133
285533
911286
300791
20039
861013
694722
485023
870848
893368
646188
956598
772550
832998
988019
819986
877708
569658
865100
845165
705533
227313
629838
364683
718047
314668
82912
881743
214366
209530
157352
796015
303467
380269
510966
493927
706520
339249
844399
468007
903337
867818
486857
315581
345484
948678
160883
912446
586200
144128
436836
34598
384922
42503
476408
993205
119216
412569
561218
344983
947959
822256
481332
263167
730427
953120
110568
627745
114782
693590
141185
655965
321125
931628
270593
897911
263440
326817
643484
186887
929811
697806
668971
501172
307835
487375
95446
646849
415517
224785
891196
326207
276620
968369
337316
977489
776978
190186
33986
646880
685673
785618
22348
758054
159677
472521
520268
407066
805297
246006
507810
961849
507161
481730
58573
578930
990183
348424
74290
577658
469999
657997
160260
668421
793442
733852
439323
376648
434958
1237
803400
351256
423965
814007
465313
352923
216906
78812
365472
613899
80123
549684
791695
101100
494242
607705
809701
996700
135009
690150
763638
32806
355133
661342
589197
59411
645368
416288
267589
323049
421175
140409
928303
77043
933945
989326
654392
934098
441873
900871
106275
425284
728969
727509
230592
123639
278078
548809
573813
731762
659207
81255
666148
825485
299351
427842
572034
316523
656123
420522
442637
553306
906951
575344
196988
349675
736236
813214
134700
38712
312650
871508
204435
739153
595998
983765
263482
849718
425076
913836
763071
184517
689430
119091
892353
930956
460487
283470
110560
897517
734572
365870
634442
1588
764721
879790
920039
221869
962175
819430
646739
688543
450245
878346
436163
636326
925286
705405
687050
70510
791968
791469
551738
311810
603533
279569
170065
419548
419878
29736
112271
836479
596054
247471
607708
887614
824264
367074
298838
395364
933470
369898
750694
423623
710696
418658
834658
798890
618957
872563
363447
260169
458046
402747
305113
162016
979389
454503
684117
43241
82750
53871
531676
348712
220843
95329
908172
785267
4631
377022
548975
91727
20014
462487
38726
446089
891611
505980
133073
411819
724846
701141
605928
648244
201222
576874
778944
632973
664668
659101
718681
502549
890803
639730
232835
40781
525550
176078
240293
465206
301223
671233
486296
343518
302018
418716
84064
967362
191376
638240
287364
663562
250690
243552
556290
50079
98982
670089
55971
688619
314874
948779
343994
883850
760520
309181
141777
317635
888480
382146
978454
389128
96731
648147
550403
508863
150207
755446
47481
816642
840626
280614
486082
267021
901836
937684
129363
609432
170804
885077
699934
302290
50056
97298
55359
915306
634804
924739
648707
838764
198114
409134
831721
131682
447250
741640
572754
351951
956529
594172
34318
551142
778368
806591
438416
612434
650203
524365
784081
40897
71896
242821
899673
787661
367125
915668
945951
84862
952368
754627
191574
30656
645904
624254
253455
948425
536407
575719
52979
680212
568714
729282
67826
472205
104413
61360
327876
27255
83375
686179
166042
59363
995177
143418
69104
355281
879052
362856
687380
894033
355487
899440
969258
664131
254476
6041
294394
116450
825562
401984
567499
836563
737082
422591
707125
819614
126806
765051
348683
995680
45471
90344
760728
880950
270364
551395
641659
2181
898150
632058
450779
598192
597478
648040
917631
493765
753881
23321
261677
95240
953717
419075
721882
492201
656650
187677
855971
960885
232077
554737
81044
201710
782401
570320
532523
860318
980346
411933
351692
267756
410019
949159
156868
93901
612336
80937
422762
164470
112992
285103
770059
809721
939947
887289
135722
94902
929449
108972
47973
491427
676452
41925
702911
723471
768525
833861
436759
294006
459066
28910
515059
403008
17790
953695
246885
524429
485637
380788
204468
507416
934825
484115
899573
266137
514573
382473
146697
355134
580708
34770
304332
25193
640461
355320
226293
430197
151669
854292
775963
254198
593261
290701
735572
317926
573074
327901
299002
67550
3982
359444
563083
266500
820265
4144
68719
67474
30382
606180
814516
203478
837257
958765
281790
247973
391700
220684
174354
828106
947669
538740
195874
798898
621240
839183
781838
45234
844642
976330
254331
864347
176993
550841
504826
732298
239225
968691
224981
515299
755137
751975
743711
891388
769776
818658
241419
578230
159668
551085
918730
978642
314577
180678
152721
641017
937867
895813
764309
594045
375858
361596
357839
385379
12738
780559
427543
984722
305063
743289
121697
231416
141090
170789
75790
879343
205939
892106
442263
66443
282021
504275
105828
894777
855061
248611
565387
872256
594493
442808
78882
895149
890925
323119
597753
525660
134111
224138
724220
116700
136097
41913
550705
928112
945103
411307
186531
976897
189986
115385
290222
49707
260403
675152
291584
30298
530607
933924
531153
310505
28255
736395
863287
156091
911411
665090
686650
514772
254679
176130
841436
624848
362103
381473
915478
176593
22196
630074
290532
257385
674220
407300
197996
110849
32247
816424
299053
744312
132822
924529
264440
729239
904637
123446
440424
70135
463887
478193
57074
396906
425762
395843
601505
62246
150526
63143
875468
407761
144463
839926
891487
254664
61415
843123
746804
625275
790012
906501
37404
332480
861860
724564
493277
102922
640044
250840
379819
157875
409010
265237
474103
119851
751583
768781
452222
319077
509063
700619
697915
529677
518532
191113
175489
232217
425923
144231
355583
916979
743614
383134
681804
317005
83794
292648
410345
499300
697566
423021
229982
771100
309355
993477
588682
741955
70527
714719
338180
191302
219571
83413
357048
920467
17261
345444
577998
167159
222305
143366
493796
687985
396675
590639
546660
229082
181313
245035
595236
84111
462655
791575
45017
525124
630327
396563
613615
444911
846022
527014
426189
137163
574339
742386
347038
533914
793310
605832
508647
909129
911088
572980
10954
112305
677262
23197
373213
540192
713474
215098
3298
76664
467455
727540
554169
324735
420140
827440
155582
231238
831859
434099
594900
627288
686877
818255
792355
761745
543577
76521
663060
109919
589993
81427
121880
496987
884425
190407
154323
45215
892169
919896
901526
929691
960411
293494
996468
19352
593815
853645
486850
990677
762446
485903
664281
878309
924007
519983
875949
717324
361452
66521
721841
119421
302027
448768
432039
729460
767460
286653
708102
753283
241506
403424
331548
158272
275644
159313
495852
413691
908127
911663
80645
586401
409348
890847
273217
137903
101108
651
463838
179361
331163
953804
288584
665166
656212
79773
254017
428254
757558
533335
133678
750759
603038
177191
775961
699389
873986
291908
475186
835824
715301
777720
892332
151201
146595
17800
145238
189471
186019
176597
240913
358296
908241
165646
58454
219764
97275
723325
55042
776559
849837
622423
536746
435563
415106
136659
544303
341696
736029
195069
197856
663014
574987
443161
536161
209577
838959
148795
56313
74512
13083
89351
873921
384407
540321
220353
791210
253870
407549
381347
798454
83733
616780
292288
214056
650637
438682
672892
185059
978310
128525
607993
165425
424803
959241
684145
806468
168794
616064
639888
234691
766577
700995
423850
45518
753602
387841
796367
91784
777863
651555
505453
507729
408114
31851
675650
979175
705922
328445
563529
224369
260026
133519
232178
415082
833412
560049
1242
613902
350741
178128
96483
310023
349893
148860
161722
846724
248750
577728
535626
216135
791733
844587
742054
110360
898938
407759
740364
798409
509737
450579
772758
421505
271508
832248
951039
988056
24777
98838
607174
425138
872352
269840
930205
504825
553377
687747
270449
601331
188583
205898
59782
857351
558007
586154
940210
411839
966417
512728
653710
149226
215036
185683
630437
916945
964155
498655
613922
767599
42475
827373
85184
97600
209645
879386
491904
223810
788841
435631
794958
380685
527914
223893
207928
243618
90419
66680
60318
794836
326386
143291
120722
663249
510529
725665
802995
218794
452600
610003
286738
583268
397104
726177
151379
55929
912248
457862
706032
998854
446571
355294
861114
943963
304030
301518
68771
951234
176098
218660
143695
385172
282619
110068
345869
707432
96831
244601
601938
646461
818650
365894
729121
804009
998315
805160
141397
683299
854847
133741
460295
353895
775187
25567
942039
316578
302075
250732
466835
700871
221435
995663
913497
679333
443759
626903
891306
786013
222279
867073
885546
223679
458334
743760
372546
698408
99228
517232
245509
856146
217309
548111
144127
298714
904255
167108
494125
546879
189871
300413
936786
975973
241514
905946
778313
641073
689365
590259
599189
817289
656670
979045
529170
379747
640365
620272
564950
442792
420364
167234
750307
256869
88383
937886
396372
499208
889834
152209
570224
520607
56610
335580
754735
899110
279287
401535
133703
456521
319832
598582
71385
213624
156746
883604
864013
677990
912588
909360
484656
25520
2749
13878
301175
772358
985343
85791
776168
247949
416497
470768
236231
536461
290151
67459
100731
87007
121642
877509
969417
151684
665578
614906
895224
340512
386846
954938
602760
773491
520564
122415
299678
261073
935789
296388
193550
378349
4332
674803
687542
52204
332388
959029
95364
636641
622201
121078
990529
487032
913965
529511
818124
192004
168724
225450
202597
813094
214072
419717
942519
475274
500853
789170
446866
837726
330722
740183
283373
679015
357293
303504
510148
451778
117471
620841
38705
658521
249743
460014
119544
870152
54454
486599
869762
707657
475663
463489
328286
298005
662258
612252
771526
190960
156596
783019
403595
767004
923988
63692
222800
276755
113027
91042
310618
520804
350417
821275
608614
476734
178586
990859
653577
181247
565776
42695
438504
356681
951682
406737
576280
147230
717000
661573
991728
174094
842266
757410
141335
306618
811387
953267
71106
403658
551643
978487
174269
743292
979733
351266
999961
976
925509
326125
435515
353013
945639
577802
138384
488810
196128
288241
491161
161060
261437
570429
503993
323484
131172
584313
98044
224928
713796
392875
118524
477649
569474
604046
917028
159242
742821
898659
993698
879984
518723
997306
62810
318990
286153
259836
140559
65023
628824
577755
837898
890459
97919
266941
407012
610104
843588
553418
354027
801069
164888
413281
609149
244569
523812
726963
546210
185479
674294
602749
27499
891295
110679
442051
796653
624744
907907
856454
92873
436352
78333
3847
822089
503388
332053
543016
540279
770888
376777
540596
312406
934811
794353
701398
882881
925808
945141
910101
858687
602482
820332
221402
781951
281605
889715
930235
626746
648608
251419
89655
549084
294766
144639
824369
389689
351451
557897
790159
176408
298858
486565
228591
983363
689756
740082
642288
614280
536554
325416
883148
857480
536204
228419
987632
890783
124403
416297
689096
541649
143317
510524
2548
339217
302504
584603
958267
669349
676921
519405
592282
352025
74086
309288
612201
941116
337944
230025
226647
607836
97191
414709
276055
138340
855501
161628
110401
197350
52826
976068
362672
818054
296767
334741
375060
376758
930918
918434
287607
600575
838666
458883
813888
40021
385679
792402
719915
122005
40717
650292
681347
656802
23069
868368
614639
797671
99748
831944
104611
499073
447761
289865
469490
873940
549268
718597
26426
146270
743418
832167
538705
996073
449853
167914
653515
399612
710892
385682
962139
572876
35173
529330
298631
441957
745408
798760
613192
78024
217092
687774
754990
956777
423445
302321
14375
922708
20171
795295
487337
845229
656059
698675
246667
369895
893641
805948
497532
238957
80153
106238
918252
168853
32365
466510
145003
839769
135841
572086
429096
630478
130247
907086
862346
573406
202429
956171
301197
803482
848186
653752
449822
261883
470102
362913
430133
508338
550391
412418
827810
367514
696061
549544
281836
550876
370425
747685
148901
247226
74752
388336
682865
735219
966050
366433
57104
471170
757332
284305
223043
298220
96994
662741
373155
622270
770687
565497
48124
95456
522425
667703
314594
753836
312022
12037
156898
300389
577248
44611
554608
755924
823087
655580
359749
233348
60231
846731
708277
837214
888593
173554
418375
197957
239797
127282
820078
481395
469538
839258
702354
736362
499290
870771
404453
227778
297800
556909
760147
995812
481504
540447
32627
374860
433370
875475
292484
473336
654021
110694
831614
561761
713585
662380
375924
517534
280740
785527
369940
247960
800281
258661
71309
516672
728971
279868
844202
66361
938281
708103
105014
671318
252544
678343
575368
804987
245734
347086
663920
115722
987947
307797
142797
745324
944519
89144
665622
205386
135529
675906
434907
527147
5469
697365
361470
16279
163100
463208
597572
281358
992949
614998
334361
424586
344239
797730
925909
136473
515640
299410
513891
773597
284965
264434
845412
878102
764524
140182
62826
8350
86834
806959
330026
814529
99367
335116
343494
936217
363871
21881
380334
644667
239383
273248
879249
482394
906171
208815
233605
784240
119545
779924
881615
51370
488724
665752
183516
176316
900839
803381
925353
868482
52309
963120
495589
733419
964812
994079
642152
198316
985940
683192
46384
956612
449317
156193
719285
624093
93142
447137
888692
501840
620453
755016
126968
401236
698644
422487
879852
775945
969880
237527
264325
568198
321360
95580
412306
181855
465749
100730
491880
741381
326400
49609
753490
817264
215981
544678
469585
551079
655400
902438
59854
47705
318444
218037
523626
882770
885385
737682
974567
650919
512693
491051
242800
75910
652525
826500
244046
826142
116202
646282
718950
689337
755876
223667
577977
619829
442913
849157
384282
243720
536374
678648
278476
280693
388257
427215
109529
794902
432008
99829
319384
531357
720050
787134
108977
837635
531135
956019
805745
610394
683128
225684
922481
576253
589147
847456
801641
426445
330677
195883
727543
512384
256642
192291
315080
157223
673889
453367
352324
828921
811633
548900
551185
357576
308946
748253
29720
406740
287500
436341
292579
351148
932923
552236
200867
581067
84776
315531
434136
63910
494817
50806
594531
30623
779506
386404
849087
90129
387937
807404
767574
634367
95778
537127
461327
783767
985397
716620
641447
632421
398996
372252
463467
746608
231694
119645
772011
943161
157074
277436
794760
599444
720224
177784
133067
845359
150494
435020
714169
88002
953701
676142
145402
460666
531972
577778
968316
860090
477066
948081
512128
692602
629365
231510
168198
453934
733683
782524
368322
790088
559706
539753
35943
286792
405776
874206
112296
981066
518343
939622
467808
256910
201908
265893
508388
359137
354259
371867
4749
224425
779198
177073
179721
342293
371351
416096
206897
46389
444127
787863
573317
255996
736189
279353
112892
653287
55066
122533
87983
269961
561081
221419
36599
451659
416993
206680
671141
323268
788997
143594
638044
413459
160674
404567
434778
527797
988225
238984
880606
96206
477774
689298
284323
341642
321523
833483
517945
192787
500351
64786
847453
557076
296338
499764
131392
588808
829237
709871
714428
600494
586266
349327
72131
826141
354610
878384
317605
787020
812817
920296
929172
119386
186681
64796
968204
278420
182880
211548
342292
495980
334106
800291
242809
955560
594306
584569
80484
81926
21672
576037
265727
155097
116206
557230
951724
499776
308621
304597
690466
316460
283196
212130
686966
484964
670806
859513
89523
17904
685914
790260
350731
375430
145485
949338
336705
460134
316029
273540
918031
624406
505110
494580
822993
219971
728554
363586
478155
862783
723250
534354
436245
346101
763413
298697
988614
861806
204110
656109
732479
746402
926713
269725
15996
244875
926592
444557
779239
305751
646664
675215
599989
899756
14785
519221
57955
316268
74123
325896
597728
134430
749784
846070
940752
198224
358514
783731
522420
241833
405218
868828
524382
398459
661560
22961
4751
534960
663393
627301
713215
920911
254069
813887
936140
688742
814093
475549
846277
321532
522650
903142
760203
883034
847858
156531
78991
413862
937446
505049
34512
39264
255084
82235
413611
491916
780202
711698
181610
64953
233198
312109
573786
69535
478704
203589
257367
160475
363376
332600
142951
400430
385472
356430
708926
934406
892428
2123
691320
338236
57114
65819
882920
147010
856763
82737
184012
136384
761796
979702
764365
300677
998868
696222
660479
2778
870469
653255
547995
549071
346591
58316
387038
430902
53461
211028
923688
734365
883943
437583
50984
197149
24757
23194
16267
569900
704668
471624
541121
51326
157493
683832
524862
999849
276077
760786
328717
699735
105431
633725
607129
384823
978139
965512
162185
215593
913756
944260
722382
866443
153157
507945
857193
101576
412846
470211
482704
328039
408106
156259
305107
282332
612848
692943
696661
407778
363466
817963
554999
44784
107451
739637
278100
47723
593196
642896
744244
908886
223143
616727
866878
758397
487604
237951
219848
468155
796347
815584
888030
643205
723753
663266
523319
412638
61751
53177
636646
275232
537558
838927
841346
146827
58907
70811
189475
197117
967249
911891
876754
769335
691410
725592
230266
79666
479076
854701
499183
968535
550073
798089
664492
269128
691475
297325
508857
528699
767477
173979
426107
63315
796090
179659
209979
395651
589612
183241
255944
52555
540991
437734
107293
904861
560785
602375
612656
412408
956610
295901
431844
565828
977966
129379
492312
682248
561784
830056
177666
501301
645593
43803
515506
167867
828394
33802
721049
941380
297295
433996
739562
727158
839543
655014
399979
848785
855336
566522
669649
235856
934386
988347
410410
83686
257752
297399
530369
838552
909297
665724
441131
807370
506108
368740
515733
663544
522786
230931
456620
860308
446831
582934
854237
446608
395553
730632
387370
515459
784922
285820
594763
866633
451532
652705
59759
888231
708997
978041
334745
455956
761625
420985
774380
423024
853639
679233
364547
719331
666470
793926
559264
782484
16236
253914
359617
98220
631873
89419
186228
397450
31853
454383
989202
184655
938390
787809
384931
91104
77652
377708
657175
592937
154734
990990
725692
27096
309919
207018
230884
443415
782379
613358
62554
638611
786108
747896
272339
52292
52679
194202
231929
56230
919248
541262
874676
264864
175586
864269
31351
604447
399952
176918
271682
8561
973045
75275
454461
442492
672520
81657
669580
13383
912949
302620
408241
120046
496088
382850
590812
779623
696187
26618
802203
400249
783532
682720
201856
888830
914167
268314
666762
238908
347320
83753
135370
7426
457051
184563
808086
948175
408978
398712
315486
710653
428300
690972
27504
416425
841304
236426
374012
318878
273562
535341
919208
785840
124371
241853
667760
247595
75716
971998
80495
754419
478988
311137
498309
173857
913903
63950
936331
666462
573500
967981
177015
819513
174023
473371
792901
260368
523348
869809
375446
158782
509544
931527
825771
192920
475928
495389
986998
368287
475878
824998
279524
301793
356209
841692
124893
378642
149716
958892
447611
547638
960259
863916
36747
356627
444316
504867
804445
662461
83717
847643
749344
825397
581091
415969
452818
393774
53036
405693
361350
784913
691134
453434
193271
621800
289553
483989
357047
970495
991678
342403
314547
942441
927162
360045
742659
118898
249933
651860
425520
530335
902627
287497
952970
731011
556797
140929
437802
936303
880251
967660
117722
746863
155676
100653
974366
300133
588426
767929
133401
114357
671646
528783
343779
973185
921923
867308
893888
457719
974164
54158
220864
628665
652126
683185
538781
227838
833886
273877
678510
530228
883409
497040
905544
34416
130091
818305
696536
644502
185201
566620
436211
95538
545009
216568
127658
328106
504858
684406
896171
228875
819923
794757
102905
490140
755574
472848
819528
974913
118596
604151
48805
87149
449551
274256
269181
529739
808413
814549
602942
621372
707573
516040
538002
783760
483129
18853
680589
691613
103645
797893
381616
889453
43138
598367
19096
312657
711395
663176
65262
759042
349806
127988
618444
378797
798036
821775
194392
896932
918585
826299
889462
151415
182359
617878
47435
400288
718235
104358
152376
381454
837078
545518
317582
823254
367638
951510
122404
846247
234141
184102
880642
839645
376289
783500
331916
678292
119711
962574
107945
170434
518282
759576
950333
353362
152094
750204
928720
839005
953277
687993
196605
432936
905279
266177
648322
693271
71640
643632
242712
356789
925486
798659
308987
52323
317692
71903
903345
729724
724331
228058
685932
604171
908023
358129
111979
441698
823839
346008
583127
917398
803819
643316
753829
510288
928262
893722
788661
240165
393000
462619
97892
514149
459371
367191
624036
220548
533080
542999
921974
581708
565688
465421
341893
796616
689140
170874
185326
338002
226026
650316
27674
230207
263047
755020
899414
797828
852730
424518
451912
313864
131424
620086
71542
881492
771190
590820
8041
361579
576455
19792
455517
212033
235131
112466
969399
565864
95318
180741
6767
31113
357196
246450
553928
887094
29846
677316
610769
610903
690592
445980
592641
609621
923457
215321
719976
569524
897354
487623
260087
424636
258908
786161
116481
318719
685480
630200
423655
945897
133318
819153
803832
618932
945889
334721
934257
465301
824502
760275
327127
782487
525714
597934
821249
810307
915103
250965
143023
74227
504630
695793
236062
403652
69465
640153
488432
869547
553822
963651
129040
987463
360002
540415
628077
583241
479922
434309
937813
736005
620583
772303
715110
814594
23523
939784
294855
85686
832884
127180
242042
213356
94968
363014
495932
958731
230495
93520
91211
449194
418511
102768
678356
305769
567533
588822
640299
733568
777137
843536
942406
420969
689556
509606
24928
813946
71850
617450
91099
669941
824060
739898
48776
221711
289798
433122
367594
816975
960367
341015
198992
693992
420311
346748
100855
940417
484843
194085
931513
23466
840974
796509
443344
860302
718838
702810
651104
194074
216910
441997
832383
938244
491424
872808
131185
453944
572351
330538
72403
685977
74590
593067
65721
977731
764285
464984
830729
24766
736170
721430
878890
415643
258073
983509
227496
814258
611949
467683
50132
118830
450114
497765
510476
941073
160377
217691
953558
991623
609920
231120
232893
715317
197954
714191
534824
841530
334988
881754
345253
203815
831609
234314
742844
234826
727366
739207
763906
31385
62080
576900
366563
599817
275747
569859
980981
30344
224764
647090
730992
337603
334924
355316
504885
263523
603933
759651
331632
1863
583229
374320
521326
132385
418528
281170
359234
381600
908620
847289
148300
300255
369188
215405
44567
862831
711729
810977
90328
861925
360822
972817
9467
339074
911013
562354
452227
439196
799642
305838
376952
426348
214270
554270
843865
457362
31001
903757
769634
147451
719595
383659
958817
853202
391817
490392
425470
862752
895342
842370
402007
117636
406163
421916
875767
975544
679521
923996
210614
766480
836918
907397
645771
961233
663579
949329
102908
86964
648459
896871
477097
68871
90023
557523
869765
747906
639495
924691
166447
494466
240911
490163
995935
61383
240116
990490
131405
996683
754418
671644
881325
421411
590598
608916
267255
384791
278666
142191
700256
652764
472264
880865
262022
996591
332102
570102
782979
794409
29322
764541
490653
4731
925360
609056
347525
361000
946261
521958
634224
55545
57918
968758
174583
444259
994035
134824
865508
813300
240005
804741
649203
912395
752451
879596
572502
750444
715462
302533
966516
452661
792663
353683
444187
511424
269049
439889
559309
923216
420446
577539
319655
760223
440480
950050
399883
95210
23220
898174
674947
396987
206008
742304
647844
221197
764135
681373
175017
449738
869500
223706
281001
989941
282532
474969
169262
370395
122960
173198
892429
366779
558875
187783
491416
136835
341962
39501
318156
506540
618587
944110
394894
310927
669012
345378
623091
971503
211735
278703
178394
698613
601674
40300
449264
293192
411684
361252
150810
496692
142845
573396
418768
539358
841270
445337
597516
293214
558944
126945
812165
286212
638480
12213
873028
884196
890363
805004
753115
192369
103234
890622
42265
293805
689943
530305
688242
925381
76237
374508
390727
360071
332943
822237
916450
942637
719343
61102
163641
950265
576271
707520
377029
366422
142884
182913
187330
345208
445403
349709
734074
203969
827441
639339
157148
662590
455831
340568
464390
697885
863140
759096
677309
259235
369500
664989
938550
171663
539729
617371
756954
957407
168808
309922
700396
424927
353431
738592
220935
381097
856145
821605
253468
493291
895897
744181
684641
910339
736120
978484
59533
678723
149278
881190
94919
374545
680471
999396
813983
289340
734009
933987
873558
934054
130265
861639
849805
919174
57421
311762
558410
194372
862551
600098
410121
469232
173491
651746
87847
224088
150223
675364
819619
37888
139425
683150
133230
324067
296008
513977
965588
907079
508324
1803
994669
666331
143483
402614
552685
20299
925013
491551
936005
121202
807775
727882
640352
523811
686348
447828
318105
863816
798219
591576
311604
468369
775620
793951
498716
64423
796373
460386
223798
173082
55437
549990
401775
419775
198518
607580
718541
153124
225254
253742
53490
433951
328355
960559
142073
762704
797908
775873
68769
455404
248748
219532
267917
35544
496282
417235
334374
286938
594108
880145
469995
505566
731108
47737
753056
251021
937046
983553
712101
777913
856844
317720
40400
767544
504520
591283
637700
910368
909833
12958
330632
961365
672534
850223
226498
576050
276965
14831
97381
881447
858916
845287
281669
242726
509287
177014
263142
127092
388223
665807
359558
717570
388049
991290
925718
957031
434739
291671
6572
927164
14658
94226
139316
186937
857487
181219
524421
899840
375695
998652
691206
165991
893850
313482
533902
619162
141344
515260
696980
258778
885890
413260
124722
905806
411476
237497
206764
773076
154244
539735
441634
729164
942367
884855
306723
72220
643071
712377
501337
70313
568604
558259
545082
501933
390545
706911
848346
638840
3464
305607
45409
673879
828508
214976
908690
806566
583983
773462
304809
747692
209362
855563
993640
682375
220125
558460
42635
991036
973243
440516
402722
227125
764371
445116
843284
957604
302081
795684
179967
548601
47256
701500
378880
217228
163572
911135
329192
443168
589408
916557
643808
476322
284074
435751
389021
363484
431105
793798
956255
457793
827444
819554
214493
248619
916384
738138
306653
215984
507062
67053
470632
723266
917896
238392
538420
921450
717961
914931
666551
795303
155647
770329
435835
639934
228724
549655
682473
936341
28298
23480
537323
631762
958354
627405
69083
838750
1129
20215
486456
572691
29300
979916
51378
551606
363041
685261
193034
741213
349763
411978
768530
656465
946758
191986
991721
493029
356611
408292
549293
202316
500871
185351
306214
753340
277829
606985
570298
981747
200988
607895
206096
415014
35808
731764
169102
503058
671640
883698
532406
435840
420578
265140
332822
13875
59514
469618
790414
777311
628334
37202
562691
835429
796120
589632
589351
61034
212361
698820
849883
88511
983842
902727
462260
202218
57748
906185
999553
715773
429120
526999
245270
128484
647608
160390
957338
393677
710516
719373
799278
145951
299518
712411
244509
209120
891469
67795
912233
255875
171215
434179
618999
212553
712329
874375
920764
31327
573399
312029
230261
953340
256811
766583
716016
940262
216665
192557
451498
575833
502563
726101
650341
379786
758080
438448
70364
555469
438568
11943
637398
369379
29249
556766
449426
113684
398359
163343
500753
322479
467962
258532
52809
257985
408763
294769
982412
3975
702389
625446
916461
177045
647900
450291
217647
274008
207119
548408
331619
253301
660466
139572
353037
416748
239110
175334
613870
395998
222524
587765
499573
967820
706250
7674
998826
207
197165
624443
279707
619116
815811
703555
825523
888469
850374
659942
438659
330703
601556
916359
909165
646452
174654
166819
480042
454638
348109
903923
610227
28754
31926
248468
308193
5726
842589
555791
188722
270954
86004
618463
710129
685821
303561
257420
96307
784031
768422
436230
733262
34893
388799
846012
476862
972
445887
654929
881689
646678
88153
142255
252567
893466
581325
39107
653415
886149
266249
47371
822602
116788
420061
191100
457327
952101
235855
984508
378069
943619
515787
421456
203665
674162
159352
528263
913728
488450
645742
214801
466295
35956
522608
6743
107933
283980
877078
884364
581483
69250
983313
607657
371800
837978
651029
614246
974750
660608
455850
492090
639824
906586
155159
314039
814831
727265
82029
31233
592957
878961
615211
640840
24157
990882
626107
437213
468287
269773
600604
592841
723687
227970
447129
59574
415527
463040
888222
668658
140935
55567
350470
501368
401833
410992
451584
384450
560791
837164
933189
40523
238945
623911
637691
683525
599256
728347
570076
370060
398270
384629
258779
905291
698761
833107
472315
54322
548129
592163
748038
862533
264082
449556
359780
601649
450713
615366
457580
386301
494170
901882
887993
952329
683524
189300
417841
38134
393727
130598
400365
448754
270920
31096
281590
509467
133436
548276
257263
139703
210836
571319
557265
575751
737330
818244
717359
499625
931663
446131
93200
746374
46318
739605
205925
466285
813504
536311
579183
985399
275611
384817
690774
182972
628557
506345
696099
562245
790218
762142
867416
602308
214219
500024
865877
586096
851433
687920
579917
708322
944529
950430
558675
856658
11753
195168
665054
747900
995851
131800
415198
415055
987878
707406
408433
256017
572902
918732
790191
948876
305625
618435
897603
756721
792182
854651
169753
790937
850554
966853
912104
732591
28682
325273
388728
17911
708324
589855
808814
797073
844555
804135
413234
565541
890996
831080
355148
356359
906078
611288
491146
287798
788348
170269
81534
224563
568954
536177
476511
532191
163229
484567
620138
741434
647834
384162
777815
343657
328131
477249
308347
175543
685045
240746
52543
90065
339199
838692
806492
166636
794578
716999
766810
913735
939058
666335
847057
607037
121343
807001
835552
517258
896306
772704
996969
610543
915506
44677
941882
614944
836217
396030
743350
610688
575081
219494
243039
894489
268850
346151
243671
739596
654204
291392
89903
983445
440901
324695
133309
90743
407052
651742
619007
546924
686641
793589
75023
845961
159056
451084
945596
696559
502966
574813
230431
306714
492766
22038
585145
171842
364025
803907
571084
770094
317786
527541
474870
123871
491446
267857
718993
81992
48566
737930
698069
256577
768978
464466
347049
536299
531216
570588
505673
177753
256440
930408
681681
110633
163016
573492
222257
361784
946544
544599
94342
334096
383333
449565
266189
828444
409345
461314
474450
835266
977659
672440
499831
817402
430724
56651
789362
891743
557342
333284
971437
405579
996820
658216
845847
510234
459675
340230
828482
76238
969826
803148
64172
335745
444324
477270
629712
332234
19042
219094
395163
996594
364970
910408
947494
98153
344019
11314
881958
516511
462253
51601
981902
583593
643577
209959
191581
862838
38022
366720
865270
85237
16232
649225
893152
361770
393279
497561
562233
620065
438628
88897
55399
499958
143058
69768
540720
588775
909608
447426
190358
800471
243432
607842
26610
756846
804812
678054
255837
7102
79131
308745
673783
570273
967817
112940
494491
132743
741815
258641
885839
333586
381100
676527
800321
251469
8349
669635
625999
648264
99496
37083
427600
81155
166936
244076
976493
670023
489649
395177
195405
383167
521040
745845
799547
541635
274453
643517
108051
4529
555556
236490
706522
163511
187520
449493
981326
590636
5695
870006
176037
877156
753363
212788
886957
325788
917658
850054
117628
765702
903608
133145
134478
363690
24596
742269
887084
479294
345374
725219
960166
228092
233878
136793
890462
622842
461520
452417
787639
927925
609799
649448
836537
924225
173871
541266
315049
338362
173305
473554
896990
54588
317523
436531
955534
800177
711188
96970
42245
684753
995176
998758
518912
727593
605353
232284
475335
761995
767909
860752
509346
337865
591383
921838
130276
449284
330778
536380
152076
321790
965127
603458
409559
586178
620540
495777
116676
546755
109854
750397
95494
13804
127912
634971
208726
115509
751463
457043
716192
728482
328580
963354
315124
540006
396629
555883
695545
489521
489422
367871
175067
789784
53359
641097
738107
789734
987427
740118
996901
797471
982503
195247
412439
697205
545028
383732
604874
816398
230312
136696
94041
583485
421773
234907
811049
572108
990786
989265
384346
965355
497507
140891
732083
667682
279497
446823
668386
793800
515381
980758
790895
452804
902469
147839
660110
437190
306038
611690
114992
910790
559777
522844
60553
850337
342919
381795
516527
882775
624669
764274
636094
78609
56327
948062
743320
955291
703566
622912
733514
991070
421130
974957
743612
29594
996310
275868
640771
725109
714865
971785
534120
544169
950688
161431
587285
797208
985097
231443
958151
856105
382903
548231
247509
229164
746049
793491
685037
195849
456123
401447
657255
950668
986425
688171
502976
743857
14921
27159
916914
815949
483980
136122
156000
650653
746093
710499
604898
207272
21715
36757
938904
219036
223591
258165
79571
321500
297242
632341
198675
232693
221429
851659
567827
345396
178853
450261
196965
387193
572021
177204
244573
716256
64936
532293
455487
700607
278461
982533
186902
174322
347768
385305
728533
566666
461021
726661
952869
160847
196199
318676
902447
423576
349523
741068
380417
648589
713503
49436
390391
644726
216306
297020
445645
5806
624663
918972
238217
915322
235022
964526
96712
320671
774892
749843
825050
281351
483277
57242
395483
43663
919056
693422
710744
550283
956995
63053
233287
763942
32103
373348
318345
4921
275772
825372
958726
992206
850661
765440
505681
443991
129023
894712
711484
72458
828510
119912
46978
287917
889787
525292
407719
206936
697957
34922
186934
670687
725173
275655
631128
20399
883392
539025
514919
611818
465589
207250
881667
284003
473569
97894
503739
531830
254624
335501
4059
776939
967680
701208
113371
800748
671072
845043
234491
685981
261135
332533
288888
604006
396392
347546
413689
324262
459855
247994
543604
310371
833052
579978
740043
291154
515284
321020
570498
557711
721363
982294
594402
613452
243989
654571
483328
432664
15263
704023
