100383
100571
100592
100719
100737
100786
100987
101342
101446
101673
101694
101846
101865
102114
102131
102225
102750
102751
102871
102976
103011
103381
10341
103580
10390
10424
104346
104731
105044
105213
105431
105559
105682
106006
106066
106073
10610
106222
106421
106459
10676
106824
107137
107405
107713
107870
108006
108305
108644
108964
109464
10955
10960
109778
109788
110001
110028
110137
110528
110800
110908
111026
111492
111878
112741
112766
112816
113226
113231
113411
113424
11343
113611
113876
114060
114645
114846
114860
114883
115070
115584
116411
116512
116977
117192
117417
117491
11751
117815
118477
118575
11879
118842
119227
119295
119717
119972
120424
120540
120691
120850
12111
121195
122571
122749
123329
123460
123780
12390
124147
124328
124582
12481
12499
125073
125194
125263
125623
126013
127691
128330
128341
128495
12865
128894
128941
129176
129287
12944
130088
130606
13071
13121
13130
131312
131324
131807
131859
131877
132150
132174
132180
13235
132590
132937
133024
133159
133591
133678
133694
133764
13388
134016
134148
134663
134943
135107
135192
135274
135314
135354
135422
135549
135625
135672
135721
135777
13582
135884
136240
136278
13632
136452
136651
136670
136852
137054
137167
137533
137547
137990
138012
13824
138241
138302
138637
138663
138843
1389
138911
13903
139150
13918
139305
139388
139671
139803
140095
140585
14089
140943
141022
14127
141463
141667
141751
141899
141935
141998
142030
142177
142353
142368
143102
143268
143340
14342
143427
143527
143633
143690
143844
143986
144198
144762
144786
144877
145257
145318
145335
145402
145524
146027
146127
14647
146740
146882
147311
14751
147524
147972
148135
148155
148561
149032
149466
149630
149734
149783
150289
150510
150611
150626
150973
151003
151139
151337
151609
151848
152067
152164
152507
152693
152700
152930
153421
153440
153575
153596
153688
153726
153788
153894
153982
153989
154011
154016
154578
154723
154757
15517
155401
155495
155956
1562
156663
156664
15674
156919
156925
157130
157476
157659
158019
158080
15823
158279
158533
158540
15860
158758
158869
15887
158904
159261
159720
160303
160470
160476
160943
161482
161877
161919
162035
162237
162801
162929
162978
163043
163190
163370
163398
163550
163725
163986
164025
164239
164426
16451
164648
164690
164757
1648
165062
165094
165113
165651
165658
166181
166461
166584
166614
16672
166793
167024
167410
167535
16769
167828
167887
168396
168855
168904
169096
169119
169272
169295
169446
169892
169944
170190
170309
170467
170735
170787
170795
170830
17085
171128
171130
171539
171724
171887
172056
172317
172549
172617
17267
172707
172760
173171
173426
173455
173768
17411
174252
174613
174751
174844
17485
174981
175370
175646
176059
176080
176097
176356
176473
176525
176637
176750
177066
177114
17712
177686
177769
178104
178357
178668
178728
178884
179018
179154
179176
179535
179553
179646
179734
17979
17997
180012
180069
18043
18064
180767
180813
180944
181135
181471
18153
181573
181726
181778
181786
181887
18192
182011
182024
18213
182148
182467
182841
183065
183108
183119
183264
183839
183962
18414
184317
184349
184472
184488
184566
184668
184801
18486
184864
185499
186082
186095
186137
18636
186423
186489
18665
18671
186866
1869
186993
187056
187120
187155
187188
187211
18735
187535
188037
188167
188240
188417
18855
189247
189392
189397
189491
189840
19022
190441
190610
190745
191011
19102
19116
191335
19203
192328
192627
192694
192867
193331
193508
193658
193695
194036
194176
194192
194501
194556
194832
195609
195891
196144
196177
196349
196500
196664
196811
196950
19737
197394
197567
197660
197703
197785
19785
198110
198259
198586
198637
198708
198730
198954
199261
1993
199674
19968
199723
199779
19982
199971
200122
200370
200433
200527
200977
201081
201214
20138
201434
201531
201694
202028
202133
202347
202377
202649
202865
202940
203090
203448
203459
204085
20490
205736
20592
206359
206618
206672
206969
207583
207606
207608
207783
208026
208042
20812
208140
208175
208177
208384
208443
208649
208879
20899
209048
209103
209132
20925
209564
209836
209936
210123
210155
210455
210655
21075
210800
210999
21114
211274
211330
21135
211350
211441
211845
211872
212021
212116
212123
212712
212800
21325
213622
213687
213800
213850
21425
214315
214438
214520
21459
214966
215056
215068
215442
215491
215603
215660
215912
21606
216122
216486
216665
216694
216772
216833
216896
21696
217059
217441
217478
217605
217739
217843
217956
218102
218385
218502
218570
218602
218675
218716
218949
21922
219299
219715
219950
220133
220448
220946
221193
221215
221313
221440
221586
221655
221711
222070
222451
22256
222597
222897
223108
223270
223438
223642
223899
224031
224034
224263
224841
225011
225148
225382
225401
225406
225414
225438
22567
225815
226056
226097
226200
226377
226657
226720
226746
227009
227018
227144
227298
227336
227385
227507
227604
228247
228350
22862
22876
228761
228790
228792
228892
22898
229104
229143
229222
229478
229567
229806
229820
229827
229878
230078
230247
230316
230331
230601
230634
231076
231138
23124
231300
231382
231387
231581
23165
231858
231918
232076
232227
232760
232863
233148
233214
233469
233533
233624
233862
233971
234237
234329
234509
234906
235267
235285
23654
2366
237017
237210
237289
237913
237997
238025
238443
238483
239063
239169
239539
239618
239761
239801
239840
240031
240051
240503
240531
240609
24076
240863
241496
241583
241611
241615
241962
242170
242182
242494
242587
242651
242915
243458
243776
243875
243964
244262
244299
244414
244496
244720
244757
244850
244889
244944
245043
245179
245968
246018
246189
246231
246299
246335
246362
246524
246760
247043
248030
248216
248234
248308
248445
248449
248668
249018
249371
249889
250034
250945
25160
252429
252551
252689
252993
253014
253038
253095
253135
253178
253234
25400
254114
254323
254540
254563
255419
255462
255630
25565
255761
255951
256096
25611
256230
256286
256497
256886
257004
257604
257668
257713
257725
258056
25832
258564
258594
258738
259044
259146
259319
259946
260156
260172
260541
260708
261529
261650
261723
261960
262016
262120
262437
262706
262792
262883
262902
263339
263541
26383
264037
264208
264444
264698
264843
264901
265143
26550
265823
265864
266026
266132
266340
266710
266845
26687
267194
267331
267372
267442
267864
267942
268006
268356
268458
268529
268710
268817
268906
269278
269288
269334
269459
269470
27
270091
270263
270844
271168
2712
271331
27169
271711
272122
272418
272434
272710
272940
27378
273979
274326
274630
274639
274672
274688
27500
275102
27526
275373
275940
2762
276332
276674
276799
276867
277149
2772
277253
277621
27764
277707
277772
277997
278195
2786
278654
278721
278818
279437
279582
279802
279861
279947
280162
280164
280684
280707
280827
281365
281444
281583
281682
281788
281793
281822
281826
281943
282438
282581
283022
283453
284215
284384
284563
284808
284855
285050
285083
285249
285286
28533
285387
285435
285837
285988
28599
286018
286078
286437
286441
286495
286688
286809
286926
287065
287295
287344
287523
287684
287848
287926
28796
288081
288110
288514
288569
288841
289375
289816
289896
289912
290205
290239
29067
290702
291771
29184
292052
292165
292405
292995
29301
29306
293236
29377
293820
294001
29405
294570
295016
295644
295763
2964
29647
296488
296641
296830
296977
297048
297121
297197
297400
297431
297446
297541
297728
297771
297840
297858
297862
298011
298192
298213
298248
29858
298719
298746
299719
299751
299987
300148
300337
300665
300706
301412
301507
301526
30156
301685
301721
302024
302126
302306
302642
303499
303643
303794
303886
30391
304302
304583
304723
304736
305026
305057
305142
305400
305676
30593
305935
306049
306132
30637
306494
30653
306813
306961
307044
307215
30742
307474
307551
307682
307887
307900
308003
308235
308241
308534
308610
308616
308908
309100
309140
309155
309187
30934
309446
309448
309630
309906
309934
310093
310184
310588
310641
310946
311052
311681
312074
312188
312321
312653
312667
312717
312946
313064
313092
313170
313248
313423
313687
313744
313749
313938
314047
314140
314272
314579
314686
314699
314823
315048
315308
315339
315405
315608
315858
316132
316739
316848
317075
317141
317424
317475
317480
317744
317995
318846
319095
319123
319402
31979
320603
320853
321270
321548
321618
321962
322033
322061
322081
322088
322152
322305
322529
322709
322849
322919
323011
323225
323252
323386
323657
323930
324034
324281
32429
324399
324662
324669
324755
325076
325338
325518
325765
325906
325959
326119
326252
326287
326508
326539
326695
326743
326807
32730
327521
327772
328033
328191
328353
32877
32882
329060
329512
329682
330373
330447
330720
330778
330794
331912
331934
332014
332219
33262
332872
332917
333027
333306
333799
333922
334112
334327
334337
334382
334450
334548
334687
334822
335063
335137
335460
335527
335713
335806
335925
335965
336146
336157
336427
336484
336511
336569
336971
337091
337379
337413
337577
337717
338082
338355
338387
338388
338625
33867
338958
339467
339729
34005
340068
340083
340486
340764
340861
340931
34112
341602
34176
34192
341971
342331
342470
342704
342727
34285
342904
343087
343191
343460
343753
343869
343941
344059
344235
344258
344353
344727
344747
344835
344900
34500
345076
345156
345240
345520
345534
345638
345682
345727
345789
346449
346552
346572
346834
347164
347179
347393
348169
348184
348586
349041
349103
349725
349793
350301
350316
350322
350481
350579
350657
350708
350747
350857
350990
351083
351811
351833
351902
351906
352528
352710
352945
353237
35334
353353
353577
353696
353769
353783
353990
354030
354076
354094
354271
354341
354882
355251
355296
355299
355512
355786
356252
356273
356471
357038
357082
357527
357571
357582
357913
357939
358078
35842
358526
358540
358807
358821
359121
359227
359269
359431
359588
359589
360170
360361
360730
360751
360783
360815
36145
361604
361752
361922
361926
362400
362581
362914
362921
362923
36295
363164
363493
363585
363608
363827
364355
365454
365513
36567
365812
365859
365897
366222
366329
366387
36651
366673
366818
367019
367330
367391
367421
36779
368164
368173
368252
368357
369227
369425
369427
369619
369706
369792
369964
370050
370162
370342
370832
371163
371401
371477
371759
371923
372003
372151
372659
372858
372939
373068
373300
373451
374587
374631
374680
375253
375471
375939
376259
376418
376527
376537
37674
376929
377358
37758
377918
37814
378165
378346
378597
379229
379357
379536
37979
379804
37983
380083
380143
380397
380683
381192
381451
382256
382654
382670
382963
383104
38311
383214
383468
383840
384201
384397
385282
385345
385532
385756
385862
38628
386326
38691
387301
387388
387417
387514
387670
387740
38778
388191
388372
388465
388948
388955
389205
389722
390384
390584
390767
391034
391306
39141
391555
392061
392870
392965
393034
393152
393175
393282
393555
39370
39387
393976
394033
3943
394394
3944
394409
394466
394800
3949
395330
395437
395688
396385
39652
397163
397205
397485
39773
398202
398221
398248
398446
398945
399012
399131
399301
399445
399466
399557
400215
400362
400372
40040
400740
400949
401059
401062
401500
40168
401709
401720
402086
402220
402239
40242
402421
402528
402533
40264
402830
402903
403329
403366
403581
403995
40416
404202
404229
404510
404605
404828
404926
405215
405272
40529
405626
405758
405807
405812
405840
406876
407152
407180
407549
407560
407797
408016
408257
408387
408609
408630
409210
40931
409378
409689
409877
410226
410265
410516
410535
410728
410909
411129
411431
41147
411636
411660
411909
412098
412138
412167
412990
413138
413197
413248
41328
413451
413477
41367
413889
414009
414224
414662
414993
415325
415350
415692
415779
415940
416015
416183
416583
416675
417034
417185
417191
417264
417389
417401
417489
417611
41766
417685
417830
418354
418429
419025
419257
419382
419668
420117
420585
420715
420805
421313
421326
421387
421585
421649
421807
42196
422010
422134
422216
422380
422772
422932
423253
423509
423757
424688
424786
424925
42500
425047
425581
425772
426159
426162
426382
426455
426568
426595
426669
426815
427040
427237
427292
427504
427761
427800
427875
42830
428503
429125
429449
429470
429726
429997
430071
430207
430252
430369
430537
430907
431166
43138
431418
431465
431570
431596
431770
431912
432723
432881
433068
433108
43316
433352
433363
433551
43379
433851
433970
434302
434598
43489
435028
435157
435307
435333
435617
435710
435866
436204
436257
436289
436509
436767
436892
436919
436993
437156
437170
437338
43764
437696
437810
437920
438044
438266
438512
438542
438613
438921
439048
439150
439294
439695
439804
439842
440463
440730
440824
440879
440929
441306
441723
441724
441732
441796
441900
442140
442258
442456
442663
442876
443053
443164
443235
443285
443446
443467
443541
443728
443780
443783
443854
443972
444035
444476
44508
445272
445306
445369
445387
445455
445605
446134
446174
446311
446314
446318
446497
446644
44697
44702
447090
447285
447296
447375
447387
447449
447846
447898
44805
448096
448128
44827
448565
448577
448612
448637
448673
448764
449333
449366
449585
449611
449714
449719
449845
449971
450236
450250
450509
45065
450998
451025
451267
451601
451631
451850
452078
452139
452163
453037
453158
453260
453448
453601
453678
453869
453936
45410
454359
454388
454450
454484
454550
454576
454775
454833
455102
455198
455350
455626
45564
455824
455954
455960
456032
456094
456157
456566
456835
456968
456981
456997
457186
457362
457444
457696
458303
458324
4589
459387
459493
459721
459969
460027
460295
460439
460502
460522
460545
460813
460859
461358
461436
461493
461589
461669
461721
461885
462
462002
462517
462868
462872
462903
46312
463154
463155
463170
46328
463427
463649
463758
463966
463982
464070
464087
464183
464210
464252
464373
464618
464631
465106
465109
465239
465334
465797
466012
466291
466308
466648
466823
467083
467288
467746
46806
468185
468205
468260
468413
468431
468443
468502
468585
46876
468849
469158
469363
469492
469566
469700
469953
470199
47043
470620
470846
470858
470950
470957
471255
471339
471482
47151
471600
471682
471685
471948
47212
472505
472520
472709
472820
47339
473486
473508
473588
473758
473775
473849
473995
474125
474148
474196
474391
474552
474648
47485
474892
475056
475142
475167
475204
475387
475835
476062
476361
476468
47653
476698
476745
477070
477271
477400
477664
477702
477764
477917
477927
477965
478157
478708
478806
479094
479157
479448
47960
480289
480472
480509
480526
481069
481117
481196
481369
481447
48161
481670
481701
4818
482033
482478
482568
482603
482727
482979
483284
483556
483641
483929
483985
484271
484291
484397
48443
484633
485021
48509
485211
485362
485369
485497
485674
485730
485904
48595
486000
486547
486824
4870
487191
487216
48727
487563
488086
488088
488422
489143
489428
489830
490059
490133
490211
490469
49086
490942
491068
491086
491399
491403
49161
491829
491853
492077
492138
49230
492427
492429
492551
492819
493033
493357
493408
493621
493642
493755
493962
493974
49425
494254
494460
494516
494688
494891
494968
495207
49542
495521
495526
495567
495713
495722
496041
496348
496392
496592
496716
496729
496734
496862
496899
496951
49710
497172
497301
49754
497572
497729
497757
497787
497987
498212
498248
498256
498980
499034
499065
49937
499456
499623
499755
500392
500394
500494
50057
501019
50103
501202
501678
501937
50201
502047
502082
502092
502258
502702
502782
503065
50323
503304
503339
503691
503740
503991
504172
504255
504501
504697
5055
505619
505690
505874
506199
506582
506969
50731
507330
507415
507437
507616
507823
507929
508092
50814
508144
50818
508289
508455
508921
508988
509208
509246
50962
509621
510086
510219
510322
510365
510435
510672
51069
511084
51121
51161
512128
51231
512387
512722
512759
512967
513015
513754
513956
514041
514564
514590
514648
515040
515235
515341
515783
515880
516174
516199
516278
516714
517086
517242
517504
517530
517557
517858
517866
517893
518356
518416
518420
518589
518603
518719
51872
518727
519544
519678
51977
519936
520427
520609
520667
520704
520706
520778
520977
521038
521055
521316
521418
521494
521625
521646
521745
521773
521787
521886
521997
522041
52206
52211
522230
522242
522638
522652
5227
522773
523019
523123
523285
523485
523637
523649
523667
523715
523792
523859
523902
524466
524620
52471
524932
52510
525250
525369
525823
525824
526307
526861
52688
526924
526957
527170
527270
5275
527740
527814
528049
528173
528516
528689
528855
529014
529193
529256
529452
529672
529842
530054
53031
530517
530554
530624
531195
531206
531686
531862
532216
532559
532677
532684
532923
533053
533310
533456
533494
533651
533730
534068
534110
534246
534332
534382
534485
534655
534776
534816
534995
535020
535280
535481
535571
535625
535766
535770
535989
536232
536322
536406
536428
536642
53711
537719
537905
53791
537934
538009
538053
538239
538407
53852
538838
53889
539412
539883
539920
539962
540220
54039
540509
540892
541472
541503
541718
542012
542157
542606
542855
542870
543114
543148
543275
543552
543779
543940
544043
544188
544375
544551
545306
545315
545364
54549
545511
545566
545683
545698
545782
546137
54639
546396
546407
546554
546659
546922
547150
547384
547997
548075
54812
54850
548573
548660
548672
549042
549321
54937
54941
549579
549724
550033
550228
550300
550653
5507
550727
550922
55100
551041
551391
551625
551658
551754
551782
551873
552087
55264
552681
553302
553421
553729
553772
553910
55400
554136
554198
554255
554280
554373
55440
554954
555196
55521
555541
5556
555614
555620
555672
555979
556500
557264
557287
557969
558005
558223
558653
559099
559281
559354
559757
559823
55983
560109
5603
560334
560413
560585
560757
560822
560946
561063
561148
561211
56138
561388
561422
56170
561845
561911
56202
562120
562225
562233
562300
562412
562634
562651
56282
562932
563167
563172
563445
563848
563958
564016
56418
564279
564373
564384
564559
564870
564985
565167
565443
56551
565676
565722
565914
566064
56635
566506
566545
566779
566948
56717
567178
567226
567414
567613
567921
568004
56817
568265
568387
569092
569174
569574
569752
569783
569870
569885
569923
570056
570118
570449
570461
570753
571670
571898
571957
572035
573274
573388
573429
573563
573578
573606
574029
574093
575218
57528
57554
575787
576279
576500
577067
577194
577504
577967
579197
579239
579349
579452
57952
579811
579943
580007
580039
580266
580491
580671
580672
581071
581109
58115
581169
581219
581641
581695
5818
581876
581962
582012
582192
582219
58251
582510
582600
582613
582627
582756
583170
583345
583403
583992
583999
584033
584077
584122
584324
584406
584865
58555
585657
585697
585786
586188
586317
586666
587009
587778
587869
588337
588612
588707
588879
589049
589278
589559
589649
589897
590361
590424
590570
590658
590775
591072
591320
591467
59168
591796
591972
591992
592034
592503
592660
59272
592737
592810
592908
593191
593261
593343
593385
593479
593841
594063
594454
594531
594575
594610
594617
5947
595264
59599
596288
596303
596412
596455
597077
597245
597247
597341
597460
59761
598113
598211
59831
598369
598441
598506
598533
598847
598894
599166
599574
599859
599904
599941
600052
600150
60016
600311
600538
600948
601266
602102
602114
602433
602909
602950
603094
603139
603326
603690
603855
603880
603989
604116
604478
605001
605851
605886
605967
606047
606106
606217
60628
606318
606382
606559
606654
606705
606807
606907
607056
607182
607192
607194
607325
607407
607475
607702
607821
607852
60793
60808
608137
60815
608526
608678
608686
60892
608968
609623
609694
609861
609953
610055
610187
610247
610498
610623
611096
611396
611698
61170
612166
612579
612596
61266
612723
612848
613005
613041
613051
613318
613327
613442
61405
614089
614154
614190
614588
6148
614877
615162
615214
61530
615613
615947
616016
616247
616421
616430
616757
616919
616951
617118
617151
617272
61741
617425
617729
617785
617820
61787
61789
618213
618412
618456
618477
618589
619253
619264
619358
619430
619528
619634
620001
620144
620147
620270
62042
620428
620676
6208
620844
621182
622416
622578
622788
62285
622910
623281
623510
623698
623962
624169
62456
624604
624748
62488
625024
625211
625357
625415
625533
625696
625871
625923
626273
626353
62636
62637
626544
62657
626694
626787
627001
627098
627553
627680
627757
627776
627791
627987
628011
628052
628179
628188
628213
628389
628912
62949
629597
630190
630416
630449
630514
630584
630700
630915
631230
631278
631360
631396
631717
631810
631867
631899
632521
632547
632638
632658
632919
633020
633060
633491
633655
633714
633966
634418
634891
635833
636083
636425
636483
636494
636640
636699
63673
636992
637164
637237
637289
637369
637904
637981
638056
638472
638562
638599
638856
638945
63897
639062
63918
639189
639445
639598
639614
63963
63967
639975
6400
640017
640039
640121
640129
640449
640450
640456
640565
640885
641315
641346
641378
641380
641854
641926
642340
642410
642459
642761
643032
643262
643274
643561
644033
644435
644468
644550
644762
64510
645264
645524
645644
646178
646630
646862
64693
647692
647837
648096
648309
648393
648398
648626
648977
649328
649524
649540
649554
649771
649845
649944
650136
650147
650170
650207
650291
650312
650373
650453
65087
650968
651210
651624
651649
651671
651805
652104
652214
652358
652443
652619
652637
653403
653538
653721
653722
653741
653772
654043
654169
654197
654285
654381
654640
655147
655196
656032
65606
65662
656623
656758
65723
657442
657556
65772
657746
657842
65813
658230
658313
658470
658769
659142
659201
659573
659745
659950
660331
66043
660483
660665
660668
660731
66082
660895
661137
661202
661404
661691
661784
661980
662108
662364
662474
662482
662541
66274
662981
663174
663310
663368
66350
663719
663748
664061
664301
664448
664793
664804
664960
665129
66513
665146
665423
665617
665683
665816
665842
666020
666089
666098
666359
666368
666425
666585
666740
6669
66692
667512
667707
667877
6682
668236
668334
668411
668439
66849
66852
66872
668948
669210
66939
6694
669454
669687
669887
670001
670063
670181
670498
670868
671314
671342
671559
671711
671745
671792
671811
67204
672147
672240
672373
672393
672567
672868
673117
673161
67334
673363
67340
673419
673923
673978
674048
674685
674739
674772
674824
675
675528
675568
675703
675776
675797
675805
675854
675972
675994
676153
676526
676706
676725
676759
676809
676969
677197
677457
678561
678839
679233
67926
679400
679468
679592
679940
679978
680163
680296
680336
680354
680443
680598
680907
681022
681153
681244
681352
681584
681674
682084
682194
682907
682944
683110
683216
68348
68443
684689
684825
685151
685207
685315
685328
685331
68568
685919
686141
686142
686265
686283
686326
686669
686774
687172
687712
688039
688320
688379
688386
688523
688535
688715
688997
689080
689131
689404
689554
689605
689641
689861
68993
690172
690244
690274
690406
690409
690531
690547
690972
691458
69205
692224
692365
692376
692445
692845
692945
692955
693395
693403
693455
693481
69402
694109
694217
694319
69435
694369
694380
694802
695005
695642
695751
695788
695812
696233
696247
696643
696918
697420
697654
698025
698073
698087
698141
698252
698320
698418
698434
698461
698519
698626
698676
69876
69946
69957
699663
699710
699969
700108
70016
700336
700366
700470
701198
701206
702061
702225
702367
702449
702457
702748
702966
703100
703188
703349
703488
703504
703666
70439
704500
704828
704834
705186
705239
705335
705481
705848
705857
705930
706547
706552
706946
7073
707463
707496
707663
708041
708361
708452
708509
708555
708559
708932
709041
709322
709437
709438
709723
709797
709907
710033
710421
710578
710601
710652
710706
710884
711376
711806
711977
712322
712575
712807
712989
713152
713234
713608
71363
71481
715290
715352
715626
7158
716029
716070
716240
716591
716702
717210
717226
717428
717509
718283
718365
71855
71881
71893
718941
718964
719252
719292
719399
719630
719821
71991
720049
720590
720700
721384
721390
721529
722230
722450
722458
722875
722927
722980
72301
723260
723432
723734
724027
72422
724375
72443
724479
72480
725099
725100
725236
725635
725721
725885
726292
72631
726384
726524
726549
72663
726661
727006
727012
727055
72728
727309
727625
727650
727651
727652
727721
727779
727791
727873
727946
728210
728325
728392
728755
729274
72935
729355
729400
729469
729576
729787
73039
730392
730430
730704
730756
730977
731222
731230
731418
731545
731800
731849
73188
731995
732209
732486
732577
733125
733196
73320
733237
733296
734084
734402
734718
734723
73474
734967
735171
735347
735781
73591
735925
736025
736078
736208
736392
736647
73666
736785
736846
73775
737804
737958
738025
738541
73871
738797
738906
738919
739316
739437
739533
739565
739662
739834
740251
740726
741092
741146
741148
741391
741394
74156
741991
742064
742202
742213
742611
742736
74294
74300
743099
743266
743270
743495
74364
744058
744063
744076
744114
744163
744243
744398
744490
744561
744734
744803
74527
745514
745779
746079
7466
746837
746838
747014
747223
748207
748322
748480
748501
748801
748809
74920
749593
749671
749759
749882
749922
750046
750100
750219
750304
750313
750334
751073
751306
751310
751356
751389
751395
751557
751595
751627
751628
751678
751983
752021
752025
752569
752587
752638
752854
752957
753075
753160
753760
753850
754135
754223
754267
754460
754653
754842
754853
75487
754956
755334
755847
756171
756262
756630
756923
757034
757080
757136
75770
757730
757738
75802
758070
758184
758475
758745
758881
75909
759782
759934
759967
760182
760183
760295
760425
760450
760905
761292
761340
761362
761373
761526
761583
761646
762170
76229
762461
762734
762756
762810
763087
763239
763376
76341
76364
763915
763967
764171
764316
764364
76492
765502
765858
765929
766000
766500
766755
766960
767433
767470
767541
76780
767906
76817
768589
768679
768781
768967
769079
769301
769568
769720
769723
769885
769886
769917
769986
770293
770613
770852
771256
771337
771374
771455
771491
771712
771784
771946
772783
772832
773389
773420
774066
77409
774332
774416
774724
774790
774978
775057
775124
775198
77526
775464
775565
775600
775620
775822
77601
776214
776370
776673
776788
77681
776852
777332
777443
777779
777930
777959
778140
77836
778418
778506
778820
778967
779104
779218
779275
779311
779399
779401
779542
779661
779673
779928
780029
780257
780444
780548
78058
781073
781183
781755
782388
782442
782687
783427
783451
783640
783871
784295
784403
784625
784808
784903
785116
785157
785332
785352
785659
786018
7861
786186
786208
78627
786499
786672
78679
786842
786885
786923
787167
787397
787430
78749
787585
787719
7879
78814
788153
788732
78891
788955
788965
789088
789102
789258
789519
789543
78959
789685
789712
789778
789842
789881
790094
790116
790620
790659
791209
791403
791662
791784
792027
793032
793089
793302
793361
793627
793629
79408
794497
794848
794996
795217
79535
795441
795628
795732
795880
79594
796167
796256
796423
796904
797223
797416
797572
797655
798336
798885
799152
799319
799653
799675
799725
799785
799899
800012
800187
800555
800657
800940
801495
801515
801600
80165
80180
802106
802168
8022
802317
802457
802481
802525
802555
803049
803092
80340
803446
803582
803835
803863
803918
804072
804174
804268
804314
804364
804546
804813
80487
805872
806149
806469
807035
807429
807451
807506
80751
807775
808433
808481
808520
808573
809027
809137
809173
809351
809595
809910
810177
810219
810351
810379
810482
810572
810950
811120
811161
811288
811407
811700
811885
811907
811993
811997
812015
812091
812203
812714
812737
812744
812770
812903
812979
8130
813621
813670
813770
813884
813899
814031
814170
814396
814404
814577
814629
814803
815002
815419
815525
815554
815590
816310
816456
816484
816485
816516
816725
817414
817448
817554
817819
818074
818627
818875
819024
81903
819242
819305
819334
819720
820322
820394
82059
820738
82074
820763
821260
821291
82161
821770
821785
821848
822235
822321
822330
822972
822979
82306
823098
823287
823393
823753
82444
824723
825150
825210
825334
825437
825674
825693
825833
826487
826507
826615
826861
827030
827131
827202
827645
827676
827823
828105
828193
828380
828753
82884
828993
829022
829237
829658
82972
829781
829827
829869
830104
830155
830187
830245
830305
830310
830452
830598
830706
830944
831202
831229
831272
831377
831379
831534
832012
832032
832056
832634
832679
832843
832942
833771
833775
83380
834212
834349
834488
834789
835061
835193
835361
835384
835436
835464
835676
835683
835713
835905
835928
835946
83614
836187
83620
836234
836324
836637
836932
837021
837195
83776
838249
838459
838909
839067
83937
839411
839550
839723
839909
840109
840208
840426
840698
840866
840868
841506
84166
841764
841810
841837
842013
842309
84249
842679
842723
842793
843051
843097
843110
843391
843454
843523
843797
84506
845289
84534
845635
845781
845889
845924
84594
845974
845983
846133
846402
846690
846699
84697
847012
847408
847677
847802
847958
848051
848101
848198
848576
848621
848746
849022
849040
849359
849389
850213
850263
850408
850548
850719
850863
851075
851174
851201
851433
851557
852395
85251
852677
85286
852865
853201
853734
853771
854027
854166
854554
854663
855458
855515
855525
855871
855902
856235
856286
856702
856737
85676
856935
85700
857101
857278
857291
857318
857410
857455
857901
858297
858360
858413
858419
858606
859159
859218
859427
859489
859567
859667
859759
859834
860187
860235
860337
860542
860672
860710
860806
86096
861419
861466
861520
861592
861880
862151
862364
86288
863001
863375
863794
863820
863909
864059
864161
864178
864274
864301
864408
864607
864721
864878
86519
865328
865398
86545
865608
866215
866251
866385
866740
866772
86686
866948
867015
867230
86746
867647
867908
867970
86823
868326
868357
868569
868573
868593
869310
869396
869632
869834
869916
870199
870207
870271
870318
870512
870548
870567
870780
870799
870821
871766
871847
871978
87207
872097
872176
872516
87258
872673
872683
873002
87310
87314
873395
87376
873778
873881
87392
874
874031
874144
874400
874522
874725
87500
875166
875365
875430
875529
875779
875793
876
876318
876395
876637
8768
876843
876897
876910
877058
877357
877358
877669
877755
87789
878078
878264
878375
878516
878525
878558
879028
879609
87972
879796
879972
880705
880721
880724
880727
880787
881013
881439
881455
88199
88212
882324
882457
882655
882946
883222
883409
88341
883499
884172
88419
884572
884815
884996
885019
885023
885158
885348
885414
886107
886606
886614
887014
887085
887613
887817
888163
888223
888239
888251
888284
888326
888513
888901
888923
88919
889794
889938
889982
890181
890299
890446
890617
890815
890960
891306
891593
891638
891728
891823
892068
892070
89213
89218
892206
892221
892419
892803
892892
892895
893360
893629
89372
893799
894008
894168
894227
894503
894969
895031
895314
895347
895490
896038
896145
896384
89668
896735
89686
897536
897630
89814
898571
898808
898853
899089
899248
899263
899286
899517
899755
900379
900655
900679
900739
900749
90089
90094
901772
901799
901956
901983
902000
902042
902100
902131
902155
902214
902430
902540
902564
90257
903002
90317
903276
90366
903661
903914
903917
904001
904100
904657
904918
904978
90499
905227
90531
906167
906281
906311
906885
906958
906991
90718
907281
907455
90764
907749
907907
908233
908608
909002
909122
909297
909343
909345
909400
909462
909686
910102
910129
910381
910448
910472
91055
910891
911194
91197
912030
912092
912154
912352
912391
912508
912668
912959
913052
913229
913574
913717
913777
91398
914048
914192
914285
914393
914395
914446
914603
914784
914895
914995
915103
915338
915636
91571
916124
916199
916211
916401
916485
916659
917632
917818
918338
918529
918572
918759
918930
919090
919261
919318
919465
919535
919561
919603
919726
919749
919818
919901
919929
920034
9203
920369
921007
921018
921322
922183
922552
922982
922990
92346
923539
924035
924122
924169
924213
924337
924562
925240
925498
925608
92574
925750
92608
926107
926186
926223
926269
926721
926878
927130
92740
927420
927501
927517
927594
927744
92782
927820
927876
928029
928124
928431
928659
928692
928708
929471
92968
930025
930032
930272
930279
930392
930560
930852
9311
931511
931854
93216
93240
932579
932631
932950
933257
933302
933346
933643
933819
933868
93389
933924
934190
934416
934933
935288
935490
935541
935761
935828
936067
936122
936246
936326
936514
936580
936815
937049
937380
937696
9378
938056
938236
938395
938449
938583
938641
938671
938675
938848
938903
939109
939164
939243
939381
939470
93986
940244
940296
940403
940679
94096
941027
941038
941251
941287
94143
941594
941596
941695
941789
942307
942503
943146
943169
943659
943673
943786
943824
943873
944099
944253
944437
944630
944674
945321
945599
945640
945724
945914
946286
946774
946882
946952
94720
947318
947425
947911
947917
948128
948744
949347
949709
949839
950891
950935
951036
951163
951249
952032
95204
952142
952548
952730
95281
953038
953323
954247
954263
954314
954450
954485
954543
954561
954693
954758
954857
954961
955036
955305
955319
955364
95554
955624
95597
956440
956538
956577
956903
956940
957035
957289
95771
957727
958005
958446
958514
958590
958657
95868
959047
95924
959844
959854
959880
959892
959957
960328
961056
961405
961461
961895
9619
962000
962021
962318
962368
962424
962460
962712
962775
963087
963318
96336
963578
964004
964090
96444
964452
964818
964940
965237
965339
965362
965667
966191
966562
966741
966877
967098
967250
967269
967681
967709
96798
968149
968304
968390
96870
968725
969271
969634
969671
969889
969946
970043
970253
970487
970598
970640
970941
971054
971166
971241
971254
971397
971700
971759
97204
972120
972210
972229
972501
972617
972629
972824
972894
973029
973155
973413
973748
973842
973856
974045
97414
974229
974506
974629
974849
97526
975299
97531
97546
975775
976056
976151
976166
976302
976401
976498
97650
976546
976611
976630
976895
976897
977143
97721
977232
977242
977452
977621
977782
977940
978071
978182
97846
978543
978951
97936
979520
979528
979848
980320
9804
980427
980469
980545
980648
980963
981202
981229
981470
981825
981888
981947
982178
982333
982353
982672
983187
98327
983330
983420
983814
983879
98412
984833
985067
985121
985263
985690
985961
985980
986152
986344
986544
986616
986705
986708
986746
986808
986944
987010
987097
987134
987306
987422
987512
987588
987699
988581
988774
988901
989043
990016
990338
990448
990571
990746
991250
991284
991432
991615
991742
991857
992099
992214
992220
992442
992661
992718
992812
992868
99312
993214
993230
993259
993879
994036
994264
994288
994411
994553
994686
994842
995086
995404
995573
995877
996129
996138
996156
996368
997037
997043
997097
997117
997339
997599
997691
997772
997992
9981
998654
998750
998955
999098
999408
999446
99981
999836
