1
1
1
711651
711651
1
1
711651
711651
711651
711651
711651
711651
711651
1
711651
684161
684161
684161
1
842510
1
711651
842510
684161
711651
617111
842510
1
684161
8907
842510
617111
711651
499427
684161
8907
842510
711651
1
499427
684161
540063
842510
540063
499427
540063
8907
684161
842510
684161
684161
617111
499427
617111
711651
499427
8907
499427
540063
540063
1
1
499427
8907
1
271026
499427
346932
499427
499427
346932
684161
617111
842510
1
711651
540063
711651
540063
684161
617111
1
540063
684161
8907
499427
1
499427
1
540063
617111
842510
617111
711651
8907
617111
842510
271026
271026
499427
1
711651
842510
8907
271026
1
540063
684161
1
1
499427
8907
217148
217148
1
540063
499427
1
1
617111
346932
684161
271026
346932
684161
320374
617111
758898
346932
711651
1
711651
617111
346932
346932
346932
271026
217148
1
684161
8907
617111
8907
499427
1
976994
502366
684161
346932
976994
842510
461378
461378
684161
217148
346932
976994
842510
842510
617111
1
502366
684161
320374
684161
540063
461378
711651
271026
320374
271026
502366
617111
217148
617111
551104
8907
153128
540063
976994
842510
758898
842510
976994
217148
217148
1
540063
684161
976994
711651
551104
754284
540063
754284
719625
1
532674
461378
758898
271026
551104
502366
540063
499427
499427
650687
499427
684161
650687
426062
540063
461378
976994
711651
758898
754284
711651
842510
346932
320374
684161
426062
346932
271026
540063
346932
551104
617111
24057
346932
426062
684161
320374
551104
551104
540063
650687
1
551104
153128
8907
217148
754284
499427
1
617111
24057
426062
684161
540063
754284
271026
532674
532674
8907
271026
27897
426062
681266
153128
617111
499427
320374
27897
540063
426062
24057
681266
976994
532674
617111
8907
842510
532674
684161
681266
240898
320374
540063
461378
8907
842510
24057
650687
270368
502366
906774
754284
758898
24057
1
842510
617111
27897
754284
24057
617111
580914
684161
976994
906774
346932
681266
681266
711651
27897
976994
551104
27897
747326
684161
532674
906774
684161
1
650687
117129
240898
117129
320374
346932
217148
27897
153128
684161
502366
532674
240898
754284
24057
650687
684161
711651
426062
240898
976994
580914
117129
684161
532278
502366
117129
978866
842510
271026
502366
117129
117129
532674
8907
8907
532278
976994
217148
271026
16468
270368
712560
842510
711651
617111
346932
842510
735476
976994
719625
16468
681266
499427
426062
551104
16468
906774
16468
650244
906774
24057
906774
448358
668032
650244
24057
14763
668032
532278
8907
976994
976994
684161
178419
719625
978866
747326
754284
551104
1
976994
24057
461378
747326
650244
178419
532674
711651
3548
117129
580914
3548
580914
906774
14763
3548
217148
14763
426062
580914
668032
178419
668032
540063
27897
117129
978866
715510
346932
580914
532674
754284
811073
3548
502366
320374
271026
153128
532674
426062
346932
178419
240898
217148
617111
346932
617111
499427
8907
123243
346932
123243
906774
2506
715510
153128
8907
271026
719625
712560
24057
758898
668032
978866
735476
978866
712560
551104
14763
540063
754284
747326
532278
754284
668032
719625
240898
461378
650687
719625
153128
2506
117129
680580
27897
271026
712560
540063
448358
499427
668032
117129
24057
532674
650687
540063
2506
735476
617111
27897
650244
8907
70993
27897
2506
906774
747326
735476
16468
711651
711651
712560
711651
735476
151281
217148
712560
320374
747326
976994
732018
532278
719625
906774
747326
2506
650244
532674
70993
732018
976994
668032
1
139120
638243
2506
499427
151281
448358
735476
680580
617111
684161
758898
70993
271026
346932
426062
426062
735476
712560
712560
978866
499427
735476
711651
906774
551104
551104
551104
153128
316705
499427
426062
499427
316705
735476
270368
638243
1
684161
117129
217148
448358
638243
978866
540063
153128
448358
540063
3548
461378
240898
1
448358
532278
3548
320374
270368
240898
217148
711651
426062
638243
580914
732018
27897
650687
316705
24057
906774
532674
502366
3548
681266
758898
1
8907
681266
650244
638243
580914
976994
316705
502366
316705
2506
270368
153128
811073
178419
551104
617111
714397
123243
2506
151281
650687
240898
719625
12810
316705
747326
139120
532278
638243
668032
151281
976994
842510
976994
139120
668032
976994
8907
719625
346932
758898
448358
151281
680580
906774
70993
320374
151281
153128
747326
547260
547260
680580
684161
1
811073
811073
540655
650687
668032
27897
650244
316705
668032
461378
712560
791686
346932
680580
547260
758959
668032
346932
754284
540063
532278
532674
747326
240898
747326
540655
24057
346932
996829
719625
747326
320374
978866
208478
547260
2506
208478
532278
996829
270368
108290
758898
178419
27897
669981
996829
178419
669981
442049
719625
316705
978866
426062
70993
461378
346932
580914
448358
208478
668032
668032
27897
547260
108290
976994
638243
617111
178419
320374
502366
208478
758959
747326
270368
735476
617111
499427
978866
978866
997604
714397
316705
669981
153128
719625
461378
1
1
271026
747326
108290
754284
684161
499427
532278
714397
14763
502366
714397
681266
442049
680580
240898
108290
448358
996829
711651
208478
532278
27897
38752
978866
1
668032
153128
70993
668032
540655
714397
680580
153128
12810
668032
735476
732018
811073
681266
680580
978866
178419
758898
540063
252018
461378
320374
38752
153128
547260
3548
27897
108290
1
442049
747326
123243
997604
650687
38752
714397
547260
439098
978866
669981
502366
12810
617111
546695
650687
546695
712560
711651
788476
684161
8907
2506
461378
719625
666232
499427
376703
3548
691615
551104
811073
811073
715510
117129
448358
532674
650244
151281
178419
666232
70993
719625
70993
3548
788476
461378
650687
117129
151281
842510
151281
178419
811073
139120
123243
1
714397
953426
217148
886984
48854
714397
996829
123243
684161
208478
842510
811073
758959
680580
540063
547260
448358
540063
546695
668032
14763
681266
976994
2506
178419
208478
123243
38752
669981
791686
906774
217148
580914
117129
320374
151281
1
547260
842510
70993
735476
502366
978866
2506
719625
532674
684161
150409
270368
346932
540655
617111
681266
532278
70993
442049
747326
439098
14804
3548
150409
376703
70993
978866
27897
14763
376703
953426
774118
24057
712560
758959
532278
546695
540063
439098
650687
426062
680580
850743
684161
442049
1
70993
844020
680580
886984
811073
178419
240898
181928
842510
788476
580914
680580
108290
906774
666232
638243
997604
669981
754284
546695
976994
978866
24057
376703
532674
316705
842510
151281
644674
714397
12810
376305
650687
842510
376305
442049
953426
540063
240898
546695
978866
270368
117129
650687
1
715510
3548
2506
461378
719625
997604
886984
754284
439098
108290
12810
442049
650244
