776528
445884
346939
495468
168941
336747
38643
45705
599307
246220
237159
990588
680241
717127
516608
755443
597985
570340
873892
349989
271182
1682
105885
287269
359725
796460
513584
499711
936527
158315
965945
933036
712512
715865
698812
217906
397216
672287
205229
491328
192875
660109
599851
228102
611255
760920
401014
160883
253386
321885
641770
800732
978170
388087
271831
214600
228610
212723
592561
478400
858522
25742
601983
231932
965551
53055
904177
153197
463204
573593
267241
558981
57993
446428
955839
612982
573435
979677
740716
879964
185297
844902
470691
287874
481625
305095
861657
919760
209398
250415
621379
206598
52700
445284
88932
242735
560738
788691
795175
83400
633931
712688
745400
464716
648549
608112
54887
94066
790094
828400
655706
776256
61057
680242
979591
198267
690771
349885
888025
319196
795040
115554
213957
841293
827669
95169
363948
853634
87700
905682
282756
575629
120363
802233
151714
88044
907899
887301
542961
74150
18371
599211
503776
946414
94645
998606
230968
253748
201533
203872
785708
696805
291972
479430
943630
71163
40954
860980
298429
372144
343527
890236
659917
75238
947156
870925
821958
610509
286154
932206
675075
29286
586511
913040
122508
266531
931294
363256
167643
837729
46318
459441
499559
452114
991530
368063
372538
528053
179125
330175
644593
827544
658500
412486
423188
355297
119313
903254
205916
559321
140390
259808
908981
225051
720646
479543
588683
323824
690895
101213
563869
323706
788041
448939
929644
894650
43538
683728
757457
853961
578547
291454
922354
294249
243204
720084
577351
856426
150817
799847
913497
726292
786517
367324
447376
646900
333783
347931
864610
376473
739196
825072
544146
60195
267627
117021
875733
408438
35104
486736
499517
174852
760006
639701
434287
362275
605657
316941
368020
198725
26842
515546
725028
34349
73234
252744
861191
336010
440495
842837
559262
878925
94938
980107
41734
361588
725268
180933
364187
700664
655227
12107
683307
980385
783194
890134
970007
713987
980663
911771
333567
34138
414234
376295
367977
598660
997129
527081
385199
926622
981757
375455
106524
581791
661952
12548
725987
53284
417002
509763
430090
2633
912825
636424
323365
494036
920228
290077
576149
131048
910011
738919
978146
411069
251004
241028
339709
874108
713737
530835
880588
431122
333631
742527
254420
847731
880115
597598
757404
487783
991701
290189
832674
779107
594027
480676
382017
32758
998425
899949
829711
318674
506851
446701
617533
112436
702811
991823
127060
600160
837956
621035
713057
558887
281275
90604
718073
921493
598956
194749
113560
701187
69491
540580
608150
331775
125749
664308
252599
814176
357264
348039
258256
781080
765393
456041
995856
771469
225537
880172
659096
920351
673793
700570
64375
639415
531382
290712
367780
119226
284804
846548
967819
249546
740235
474123
220987
219760
912252
530106
386127
966966
59746
609848
746644
910923
801872
566481
587377
408368
946859
186940
848474
359464
536305
960073
64040
777007
715244
613270
904332
667538
150396
409515
958044
772907
623610
276455
311502
712598
298753
426359
589422
782094
454323
35674
478944
945840
914055
560854
472270
254056
825699
775939
831882
62202
697262
348608
952361
678555
74201
409466
571280
417053
486946
867466
911208
229987
10692
760617
480620
280684
274139
980934
406668
987757
187554
165209
467375
155129
582025
991539
206064
780410
931492
985240
584199
265106
55766
70647
810432
542208
714292
853478
924318
42591
521668
727869
65422
588288
191364
30586
338551
508721
542771
517650
268098
838029
19246
909337
273224
45636
314477
992106
817701
69259
317892
587809
930049
685796
619975
31950
856945
132531
280897
357586
579599
222406
196143
967032
493016
570913
715442
271513
156420
258833
672688
479639
377003
878811
826312
957982
404604
613345
690460
178673
874847
297297
741544
496457
910640
663458
552105
894636
399463
658271
36950
427406
126733
396537
656277
487356
908916
288092
948034
718897
315612
694759
170206
575482
781991
765477
850998
616897
954968
516473
106292
103550
551237
156210
80125
882713
583644
934105
174137
818201
912204
503269
375611
379798
119703
585711
855917
568196
625920
183706
714555
195933
869978
596438
295355
570357
556659
497684
265475
334524
161353
340502
609734
122075
381568
26652
553840
232136
853787
20210
932429
704432
338180
125568
725055
476050
858876
738432
554530
66700
385391
643602
644121
185994
240290
997137
724879
122785
507002
428599
119098
66704
725890
326468
140331
945218
203186
491239
235331
54329
663703
392643
644268
31586
363737
961032
551473
705867
512985
22463
170470
798883
11764
394008
809097
480203
470614
54017
886970
746397
65759
94052
571049
963359
39774
742080
627437
294447
766783
50410
165709
235559
38119
688327
686251
635563
769674
827452
583608
765836
923552
197321
415359
686933
226030
852807
172261
912160
439712
282327
83648
515377
841234
678970
926819
749175
854067
515573
77106
23218
33912
121500
522614
838068
673892
742199
727989
795219
639812
350705
642242
605244
164844
286261
552513
955977
724662
679259
850643
948306
719566
467365
227095
60370
371122
450705
436835
699550
592949
761243
117536
902547
344637
663223
140634
87469
660216
138214
532939
808305
661903
607715
353115
203869
285057
371007
398080
791420
109471
412657
786453
920651
964475
280272
593909
733090
567019
992498
401699
525422
717330
136918
338888
577814
368343
277827
442164
210634
481473
289380
623075
707300
149106
937398
588484
770695
595734
17583
505463
164529
948913
474442
902742
918677
345379
871176
471470
398909
112391
940440
768222
740154
181330
351274
381659
807030
64766
128978
64000
260077
97091
859892
3819
340458
3855
682767
61188
162429
762579
758570
780300
683913
936134
286880
552694
986691
707349
846412
46740
96422
304359
338644
468228
610854
187171
586064
895226
327959
468004
964007
57986
464263
474872
977253
201228
636858
944487
950219
771467
947869
787857
839262
847684
443476
785651
281982
749690
164766
155605
442070
798792
394066
177533
668749
881291
186977
23791
755787
386084
216039
280635
391155
579378
185655
57379
198331
646126
702816
22828
561017
190765
817814
798270
903288
94893
920911
556852
467124
208883
527169
789125
96235
83416
980765
959104
110132
936963
370776
499025
536830
282675
482110
140141
647094
457123
640792
688132
590910
521373
18283
968357
864
938691
575128
490586
71138
354516
877758
601562
1385
455511
563966
694893
69296
308290
252186
292936
104102
308280
813356
439557
633429
764027
682985
578441
315565
758271
572335
400017
116777
346780
629733
181479
264501
688190
778499
567447
488878
761080
407877
418884
614210
856211
379846
456922
476828
203353
225709
941895
798854
824569
794611
759991
249631
784744
663857
997190
298971
592887
240196
924982
325816
922105
650904
553474
837518
222024
535410
504571
203893
769195
450255
620539
883781
716152
448921
572634
630973
264479
465242
321051
791094
62135
487548
329564
175506
339233
521561
253388
310025
864664
885703
502279
544350
281473
473740
582709
177866
829583
82670
209199
413026
668564
58006
299644
427436
349781
986904
396846
60422
273653
199105
534461
346144
645806
892075
557395
770151
156617
805038
234171
404508
490431
551547
166531
148717
921448
724847
38527
324484
271196
819499
250598
776133
804088
264038
941462
584759
914631
768812
809840
497966
558776
392911
229633
868349
141409
46745
328311
607280
44877
872963
622372
65129
1263
869921
339650
430038
440659
145133
924007
444817
507895
11218
424052
271572
642786
806261
946628
155042
709107
431768
27611
333664
310559
357285
388101
65122
918540
376636
546969
3593
356346
430574
552043
816725
861238
107698
415795
250863
295754
861842
725714
766893
91158
72891
134692
400171
155764
87403
995774
811816
263768
865294
79489
234578
301985
124575
216784
520531
640867
930772
859302
558928
663479
331990
518036
107522
348665
668804
371353
144262
705789
803183
404347
669074
273230
7519
183749
10950
595974
626059
565905
452490
744246
665040
144756
746164
853893
808068
441905
127711
735821
9769
22146
316589
770678
698531
439152
635750
599033
204
2128
318492
458257
944807
818052
480637
473466
841723
702484
229652
684219
999269
615876
141171
448897
270445
111915
241949
758435
841934
777183
869614
733871
879030
508454
966322
582753
327060
94281
398549
308276
682181
239681
410259
447806
69139
101813
336827
900134
946050
387788
972617
115097
924214
981742
608165
619788
615081
135488
213507
316453
213611
286612
974917
323389
402660
65354
773216
973272
999018
754048
88051
948606
274244
155984
611285
978114
257770
498591
107065
666683
991861
146948
64248
731884
324648
51696
552921
65811
742508
903657
172735
742563
328588
843794
380140
582
430445
357083
246612
765423
627270
442383
264494
683615
676916
819190
338100
29419
380240
826855
705020
7130
982613
748721
401645
449580
621597
18793
130367
29572
945105
445330
38379
745196
573828
59688
665164
246841
141915
911810
138358
807074
512287
927828
883989
353
901353
233702
257076
260232
895445
927016
899136
543540
840678
530985
315730
224644
895410
576686
300027
181405
591300
100091
411763
65065
385573
958648
7208
947504
800580
505239
107852
338158
148443
975540
367908
749267
259686
78385
230721
132354
694401
480244
423954
25143
119293
989418
325086
372411
927
182267
325739
893353
113699
854627
241884
313469
16288
892516
844701
927377
64096
16340
876630
794723
265554
646823
222088
865997
438585
35005
873380
861259
149998
493303
99647
675506
526567
116423
967628
414783
207962
201912
196206
105947
135377
453185
704041
210913
861
691347
55529
997287
275912
968579
647272
917321
433946
654655
410029
928480
842614
399155
717975
480495
100064
250443
539884
252693
393365
759434
299668
105644
569638
830013
857813
678373
370856
958115
467919
182041
211516
196130
812720
793708
870789
506019
976545
503872
308200
687201
414199
162071
548016
10862
898161
744520
42428
783474
577866
116672
442142
838676
404692
978535
376557
575100
429473
246431
382472
452240
847832
202355
620927
591238
379123
879719
158567
937373
55492
106837
350509
815415
86322
269450
620701
773482
56308
748710
886383
311897
878654
801383
794283
281030
597571
32466
132482
565990
284658
767145
275711
624950
547286
847836
411424
560128
905830
424625
448982
239769
389266
132576
313354
29203
319922
367461
339537
492493
631205
914953
755964
427853
149211
296745
503945
236509
844152
217526
703871
926750
937085
984657
572293
197888
457118
283059
43398
649090
651502
674134
456004
191051
263365
944514
414624
216252
973652
90363
427311
352377
912828
963464
645870
368597
280898
376816
561248
357708
73002
721577
331463
985618
154331
950378
710933
170139
165527
852096
648284
981478
957829
265474
384230
35711
747356
947528
793623
672825
925677
834980
20295
656797
102167
989782
397914
314181
332076
481331
987469
67978
331668
413860
679335
952393
132982
961856
887807
408057
111396
670059
177513
958972
558519
646122
117388
318612
145938
881312
584382
429601
176704
458172
277396
545103
347325
873054
626744
799133
542875
238093
693280
370069
355174
798525
476832
828956
850266
439178
881016
817730
634757
704050
650461
699033
694571
249140
88754
292087
586698
51801
981101
158187
124261
743897
726269
366370
536990
513859
744497
302023
54210
422060
953466
814708
291510
435214
527349
711625
912132
159446
664191
504438
977095
920546
233322
681180
99377
711473
359815
56237
483504
543174
902058
527151
994155
714504
919774
498720
521559
139707
344237
759280
878184
482134
855796
435413
329039
100640
675210
863085
291795
999927
674679
945745
813783
841162
631442
400334
847560
940650
722406
389886
249557
303630
878296
495550
117273
200
103521
942398
31450
63202
677343
453015
905891
54197
491973
484653
56692
698373
451132
814463
149821
787888
155435
578607
537176
668905
442714
450076
466794
280279
706157
913034
930744
556646
443988
33861
664027
979273
323560
542319
814628
80587
877375
803932
605638
404652
905068
830937
49209
656412
869733
428609
229940
767071
587362
769515
54966
969099
53269
897505
649421
66538
736027
616715
415721
601577
803436
978943
295261
733044
938383
464978
896783
811599
446639
671973
331163
460028
339402
631855
508750
977481
950525
366064
371461
219135
352055
633657
150281
18642
145863
595261
869863
957525
199490
446213
102451
917069
616889
280875
938529
903772
562951
806996
20915
382855
490134
448924
775769
485837
954147
931118
596048
321075
389565
81077
772386
746637
172751
148046
179792
285591
960457
155343
402393
186390
494633
762665
313684
247123
132891
812542
184618
42940
385658
74384
35631
39233
722252
876707
346611
168403
196089
220512
827425
260413
728933
97782
548931
812678
582600
3876
816502
989818
614781
535085
117252
145626
962275
711363
865016
821972
544140
438260
278645
119243
309995
708908
430914
2779
36142
3055
418692
881033
807756
958232
742039
543999
250467
609844
90406
596260
405691
497133
712292
404729
862974
881406
454573
778501
747968
44526
830729
251830
426918
239852
284271
856832
27009
245270
819086
274833
91089
521694
50949
418223
652401
76476
641869
164758
497156
317579
457980
507330
752134
800222
137687
104089
966008
450132
214693
25476
723762
709898
516548
779344
653423
261393
171373
596241
318781
468229
531779
380459
411963
134172
273451
292294
829410
334154
156524
741221
251146
750124
258381
347178
245715
482677
251819
63069
936507
244464
608544
774742
450146
188733
39795
140230
544476
820334
310474
988458
770286
177501
145149
839310
828361
985438
871224
348189
321288
348253
651480
596553
211055
934470
671462
609314
926790
643280
681437
729835
124046
39967
291191
61233
361607
865664
906224
22151
207014
589079
920931
940149
161186
472217
579915
118358
284985
505871
612932
486963
448794
173324
417307
94469
103175
655595
305379
639603
121494
742576
677438
368072
929432
54566
621428
123098
47167
783482
912758
973043
112229
303042
882434
625069
41124
958458
541682
472560
644727
718374
743584
328062
764932
705802
472231
798989
204086
342538
121104
313986
531331
172689
948680
911461
357749
823496
209801
844026
979857
636305
909644
466223
681190
18997
209846
515449
499148
320357
897402
562461
705082
102918
185788
269945
163137
947360
384826
416848
836715
679052
308867
16741
608158
350064
954704
909135
831886
197954
152013
795653
144003
318534
297111
470896
205651
887611
836273
760885
806198
609221
179901
832210
103823
79573
59910
54935
216486
408424
596508
985902
379606
343326
179418
930181
797169
109438
342479
486060
13292
66382
13479
869232
64998
20897
268531
298615
813408
135920
141492
497073
751389
591175
696771
604002
361298
784409
886754
103406
151226
469235
616074
957234
755345
926334
997102
79656
894824
42393
431062
44062
30645
687059
56193
741737
403676
657056
636621
827857
27517
65130
289892
132191
793699
669744
783259
831743
183364
722633
938725
854551
404773
493667
745823
164521
880692
884837
919373
818568
38188
275220
250662
626856
46262
997994
113670
524065
714025
759464
294926
889649
234221
16698
908772
42842
735582
739676
295839
667473
712209
662877
294746
333673
21680
360712
177478
705186
553032
421249
246359
14410
308414
264718
827124
230476
334129
739944
302856
23839
893077
159983
720519
702516
979650
988733
375953
934464
935907
573445
145313
802508
892035
774938
862805
209066
79514
931983
291017
289708
599729
922907
517494
590599
856595
942847
831109
809963
814150
321386
650858
909202
428555
417342
807562
850834
201335
475455
259079
650501
467669
967553
623756
484211
397993
474436
600895
303638
797268
96985
214487
315108
768690
324736
259346
768926
970886
6664
770411
148690
880923
89514
629276
526603
815898
470991
88535
838660
214676
879680
638321
698137
259862
645717
310870
457711
70030
151568
762403
577192
395366
241879
716057
712375
830815
581875
742907
988528
972027
264591
329642
251086
770302
163671
71945
971669
272144
96657
347545
403311
302186
574937
913485
237035
754291
828037
841779
466330
175631
965433
838652
582830
774934
477980
238851
24186
840716
442775
810140
595095
220932
765149
928831
137377
334966
550168
139974
315278
505075
497392
174189
893180
606548
537283
220283
84152
974964
845701
326715
490516
743165
333322
441723
303672
383843
156191
703546
378767
515118
105448
42221
802440
62045
283894
980600
372067
250887
634032
315827
207831
490141
923922
370031
954901
125780
221174
573305
575916
641382
658272
37095
584754
255203
796984
816089
772437
565777
519805
844085
73586
750168
817727
548173
148900
116407
511892
118090
630595
231337
712938
887722
808799
559358
761534
845814
110825
466072
8178
226068
999535
529804
371359
245879
203132
872898
942817
282198
149762
950399
638514
891711
429007
284118
711868
804659
553709
355949
560544
382713
16479
488470
818935
937152
472472
373708
746823
21456
619963
785622
926703
460155
564340
795311
419381
680411
39246
40905
632245
326857
284172
801490
148325
377997
694554
718335
180396
329619
92550
791653
338193
857705
883321
377449
908241
285177
550441
496671
389544
504374
385395
815979
43858
984811
613086
185173
665540
101794
450148
596770
716655
693781
135044
707184
617030
515221
76921
217904
717401
895183
90192
394874
632180
338687
879281
280343
231789
662916
334910
208029
956268
81444
983697
272515
728110
234649
943970
909773
447285
84481
77136
55266
782651
884743
777055
262911
677716
361583
298824
184039
152727
39215
526899
676954
468012
583662
813828
458527
293969
563634
550328
315744
281185
535163
243905
168998
622764
511836
615598
784293
799436
367665
482277
96015
906526
698015
700626
4649
134171
806647
562467
436406
378888
764982
776234
871753
910965
425957
979906
747450
575150
309861
997898
78009
591405
267041
852910
415453
393642
261499
422218
918141
91659
156954
252732
434477
931453
240255
158010
784243
373425
35635
368413
253819
262812
32771
626475
353692
173533
31897
410146
997259
954890
942512
191191
268387
171478
442019
47854
983246
885854
611581
113159
802338
965161
116468
872664
955014
44368
75572
201812
598069
981311
75597
66460
892366
78620
155159
405093
751094
570135
250805
753533
444636
798487
45917
374124
73472
892869
90202
994287
293241
925197
251648
155386
144763
626689
106910
650984
398491
938219
274152
609634
182782
943255
58497
48228
388667
171784
529745
479701
119284
937168
778211
958471
842594
509566
139879
424318
271444
687083
83483
259251
352284
543892
462698
96703
526682
131344
488757
749234
854023
542795
784291
514760
752718
337826
872079
725921
645171
777681
519651
976995
26885
886322
842664
391612
457190
702122
152317
45212
932990
226214
616950
967618
307287
482876
638410
36167
361042
577868
714857
395713
795077
103375
702105
993183
605877
19571
548048
868554
241627
359901
115081
739932
164886
901256
159335
396334
317332
306536
350641
909632
904599
810429
229970
74670
958601
536066
815605
201592
471797
430097
497742
771584
223050
537349
960873
128040
535801
922342
654691
591170
974275
344190
846615
178622
898739
228857
464671
414212
689026
795263
991273
560211
900831
459290
44404
273532
742289
721221
114974
938656
250111
653359
948252
661738
947188
460906
211240
390943
158332
45640
15625
294940
345017
334637
725242
105639
714198
912867
34566
878231
996757
558106
305324
456651
315202
120609
804655
348808
509149
265291
536004
77290
283511
263677
804181
132615
665546
202287
708218
556954
800773
331492
327606
538642
55111
912793
230848
833252
414442
560707
472986
690257
210793
592512
959400
615635
75048
411699
235773
316444
563130
414662
236167
246581
162685
526036
410917
517544
594589
526096
974998
710346
236220
993532
847683
752802
963163
850062
402849
318953
935544
217917
36231
9982
557599
979634
747092
802808
492818
677414
885942
758491
276165
188409
461131
372517
450377
115172
804505
217244
954532
346915
871338
542417
127968
410369
978215
119869
866025
549344
544589
683332
523307
303666
230955
971291
968184
278302
970748
707761
415066
543741
235057
358609
27708
147188
170039
602219
117765
731765
28576
806058
827513
730449
367132
819134
777357
45837
241773
384322
858167
383198
854716
21505
856834
327812
957788
249300
103324
97947
613940
199973
19687
413718
105432
585438
326336
688757
931852
610497
289531
803602
85654
941817
133783
929582
608655
807752
21248
784315
859420
702529
143975
810274
509408
856437
932530
887505
983225
832092
234469
182793
292921
117985
605311
185292
737734
209001
870884
674781
570883
234689
638953
870231
530702
403734
483041
593603
421343
105706
459030
234133
967818
722847
635175
768321
784647
39220
140663
808786
418082
545588
417587
473148
564594
593772
483138
205159
988366
355512
202917
740167
349536
766433
669309
556862
216470
654193
976969
362023
774946
741107
828569
678204
664353
973396
83425
423550
604431
643464
599578
226208
253740
713631
881840
261938
892927
236480
355543
348671
45885
275863
632275
451511
886047
289307
273111
555310
254210
314792
8113
631551
910227
212218
924254
760278
160368
908018
754603
663034
701995
385409
849895
523421
244498
58636
34273
317355
652462
524506
634539
278895
297306
518269
407297
867510
457682
953642
159933
726360
250414
614424
227150
849816
549851
546064
774112
125708
276629
833364
660823
109593
308624
171828
289169
389653
604468
40124
577327
133263
611811
871791
210582
20198
892612
58911
904707
924184
42850
781067
178231
791054
440853
945291
169224
812483
67905
424269
360985
118132
687328
326306
102887
736942
513398
835450
271449
390861
571599
624326
479122
469293
637333
980507
520848
536365
605091
812992
84866
50931
988769
396144
992100
334020
416197
769776
606477
108560
446269
318434
293329
599675
494639
569739
263290
785650
752856
755782
11715
881479
351898
974214
914128
223924
777656
57869
543694
26451
842675
152795
263367
697971
174418
562905
663776
675716
232364
866113
695021
39092
83309
995031
164064
909174
809175
951419
604497
574088
696547
975641
386069
29317
540658
343505
942313
96050
805592
284738
813577
656132
132260
496791
910570
27432
467182
258283
682825
321178
158244
624618
594710
680218
579852
788703
670792
380415
809676
513254
836372
605819
375357
936477
45261
727030
892559
334491
652848
248130
575118
83488
284635
39784
133700
647016
616610
714319
233704
336052
573198
725882
927939
326334
165215
661164
250444
300607
252597
833470
894143
447410
308914
547168
209045
355977
148956
907024
469529
329787
964735
60007
293435
701071
666094
611377
459225
67305
347384
522683
673913
31184
32238
865376
127860
849821
698730
905629
887633
271278
53745
995052
905335
283345
543958
349681
802471
770462
636516
199636
967746
701278
256531
54245
242660
563173
261467
123996
36387
8085
359337
111399
88213
835924
811408
738448
640148
72006
913519
505977
416035
265638
748108
311745
368959
951830
164343
752219
762018
578331
680472
420954
290753
418819
545176
331430
486620
492277
244046
876011
250394
398108
50697
406057
499684
822241
294862
258831
164867
84698
290190
299476
390942
458725
211232
920118
633149
706446
703344
167786
910732
562072
437402
450477
94151
932929
97194
73693
846
492111
997272
456146
424863
99712
205328
424315
785452
722797
717263
634938
354859
209861
170143
174165
327886
101909
709608
278145
398762
293544
108309
666781
965324
415457
680255
330774
673409
80483
726773
610085
259485
112040
219870
638551
626903
62627
327255
137843
128849
198177
975435
902075
894467
289639
757382
499623
313806
875391
839651
941810
783448
279970
154512
492739
393713
695478
314104
837066
153039
797491
939654
591249
996317
647545
934526
613316
112717
212410
108046
675209
907718
69365
599952
174668
47050
658871
849878
599254
428471
536638
778625
51308
182101
576891
856586
227531
454388
490722
491530
644370
970284
423464
791728
262928
537089
404759
938266
71547
282760
841975
616772
242864
522080
337919
753754
530047
70233
5620
683238
863140
404403
382055
572624
698855
748707
660117
718902
78000
527860
4699
740559
8612
104835
885539
105129
9146
623967
533685
485229
960531
291589
917415
513295
659126
306596
883977
873611
50901
11242
220208
72580
907541
340365
33635
54916
8787
274949
323505
59887
365996
284204
853031
661876
621928
635112
921593
993676
835398
451909
260383
889209
9001
32674
819550
739319
654770
791292
73906
434457
703842
302494
977986
94287
124562
673202
679379
929221
569418
796641
248990
339457
433984
614943
406054
591636
670194
386152
296406
943351
414968
957136
186432
380215
843652
781241
105768
465722
148681
512761
834127
667450
494775
683593
851355
771318
498844
923372
973264
294982
681773
240340
389849
397395
88735
572745
45235
157883
973486
373792
486671
866290
864140
507950
267999
636392
100003
935457
160312
106796
208570
990982
253482
871993
581533
72456
604622
294769
290034
417411
926205
456957
157420
607645
643171
184071
949791
762963
673283
109126
193446
918850
762912
647614
84098
627972
587097
702788
877722
681731
926514
400296
828312
142208
529249
227900
869507
481411
974088
354797
354336
450337
556817
363022
214479
142271
334809
172484
507297
76836
175864
252527
519998
691135
592516
646826
289953
533013
509084
675574
686743
275150
372522
245447
963469
188372
301417
277649
348389
801722
169570
36139
313299
717122
155890
361358
98314
810948
852369
263547
928182
568383
744379
56140
474266
668195
928772
500035
10419
859999
216450
183709
987192
35541
702684
177526
596374
115510
345950
290188
396177
663921
941919
360552
792388
153796
300522
629035
618358
66603
427181
961714
406597
186258
997794
787317
785733
997238
737256
668038
742964
120515
553269
911221
915146
87466
982189
297521
828398
473211
349529
254887
641337
167719
650258
673993
62806
264168
643581
822394
345266
557250
378383
192669
515949
900298
816406
368814
442552
506753
670737
279091
994266
663181
411543
935548
94284
396823
241014
818369
927618
171035
148896
317787
547447
893382
795565
409901
220142
996019
252376
364439
935846
885573
377048
150675
739284
609355
781240
176052
192805
630644
421858
342301
92555
80940
398585
980313
653500
569954
440852
891068
944123
456763
249920
414346
699533
458408
536315
185637
875072
567073
177421
405363
807440
70138
989095
145034
340221
153134
590957
576233
395794
389581
899407
514171
39167
278083
14197
144116
64814
928317
593420
528673
526694
339093
619081
702387
748346
781858
125217
420138
541423
701146
716119
785697
42619
112808
710442
983849
653744
486924
571340
782893
465093
132905
395684
839495
687335
511487
868309
975886
923783
758372
66095
220691
347598
447022
995998
517534
115707
135341
994147
359168
504105
997035
4124
292126
33794
729734
659640
478569
697478
698069
477489
332270
210558
37531
872679
84263
100098
645946
512635
213242
326555
941133
933497
814917
646334
614823
110944
866223
422765
174021
17326
796932
187595
439220
692602
218597
536424
182619
632938
881858
100076
924346
883061
899649
424100
448165
796809
146271
59324
205521
589748
158927
257047
195645
237298
534607
651252
492834
393232
193200
938058
723342
456539
486127
484756
680855
223904
23366
71089
783658
926861
24114
828210
201883
459733
619241
826389
772327
836026
686220
717609
836387
111323
228208
875627
696695
342658
717496
141386
572477
866390
863268
715473
344011
290569
68379
340901
133305
919458
505780
669242
863994
892680
139420
623631
665968
927907
249997
519968
960432
12925
547218
193202
868646
924101
411446
811146
127532
589552
931613
706094
902771
712843
502419
339576
330812
510046
799939
387790
450744
505818
879210
191770
111302
205858
424993
140099
92949
643222
349583
483737
501435
568109
654690
775913
458279
101207
298098
461056
346040
99245
262456
277526
803708
326086
422989
425058
321190
486887
203444
403788
302603
831347
827429
588778
585595
14450
873981
604100
288604
875707
961938
681521
734297
329346
535730
381553
187421
141641
126412
980890
403790
113594
714515
302796
527628
999151
815795
342860
620786
983721
619141
773286
663431
763309
959280
890635
110576
364741
120498
981502
868153
442950
335318
145319
159837
779699
979602
207521
932403
424135
194552
646428
100419
394309
790643
87371
18904
433822
816148
548896
500344
224071
129902
678023
837701
611645
231903
820407
365796
447308
643916
929948
88800
653510
180773
52169
994673
927025
988940
23172
559747
884764
707863
586486
549701
930811
667711
885971
77546
753237
62968
226846
478042
354992
224488
845387
150384
533050
452372
539485
438164
453688
337108
280504
921750
88108
742631
209701
39579
658222
393736
177937
569943
735954
203985
289617
880231
264635
292968
108611
938887
929460
273142
994451
37621
317213
702436
962829
210011
624006
361785
527789
620241
981233
856106
438090
415954
680875
807520
274210
87351
217758
897859
12450
806246
895376
393379
457619
534525
994412
864052
310799
382637
487977
623315
303088
897507
364353
654226
316722
807544
523462
299749
181429
411943
566517
377053
797989
519338
628030
236585
531728
327994
201068
514277
484762
384930
798570
201246
2873
502731
398031
850210
334037
906838
591609
816063
133371
241707
735849
85662
435580
97067
102661
475711
233021
880339
709199
924684
410516
472850
818809
15568
159661
896216
449776
15521
154336
861951
129996
520140
706146
803038
877888
122807
660328
594465
179072
250817
392288
952743
745203
974752
355050
929132
243958
674277
288719
170360
280628
803008
606246
391813
930994
207207
123312
454160
591937
266032
270204
724417
350384
55292
610167
196667
196263
717399
215062
582237
946854
12808
612798
359290
158434
615491
619368
971395
371282
188317
547236
530207
710693
933142
35817
578783
732739
161148
48026
521201
114878
196378
445813
545055
299515
665924
275553
646535
887205
33911
667985
300979
507050
857295
169426
318641
656555
428807
449801
286738
436657
637913
476466
933715
876171
669314
760734
62403
258003
804214
226936
843426
763552
514566
148339
87392
485970
369572
170408
185335
638812
196224
946086
556873
202977
595792
702669
171645
114675
105458
984099
48601
532286
563288
673121
937542
687703
867901
486722
94017
306824
181179
456542
743370
815638
451355
299080
320626
195803
615855
890086
780333
916600
754059
343698
302752
313883
250391
223915
759966
537150
868834
437377
533024
400377
391648
984376
450783
324196
356316
732300
711969
821282
22386
982805
630461
124149
482286
638033
350251
209017
187815
859213
68461
687441
984722
628566
747691
300033
618847
803211
274027
175576
94288
87137
604824
281848
180686
737489
822676
720875
143363
829093
809224
988605
186071
625481
540616
177587
743455
689525
909479
461666
904679
61323
159438
509330
913327
410972
360761
934695
375592
674363
37
888324
2383
773509
301572
628485
809372
780695
521421
494817
288162
550421
489935
424614
3968
817096
38586
530744
836890
266170
181678
361317
431150
151255
142060
332021
111197
524776
376293
436472
375143
740121
736191
539390
427576
728785
645536
865412
506397
552272
578127
157546
439729
296509
303981
530176
730644
590948
771090
752305
532994
560456
709297
666112
403593
44486
91011
906924
877623
728546
745292
36453
820855
785921
787455
80816
517902
265092
880808
437873
259989
899020
174839
15623
345458
130119
378792
240213
412306
410540
395864
739641
989000
12887
358993
309873
129622
486745
882140
889797
291597
475833
133963
821345
48261
579310
175495
507964
990614
738606
230880
660528
845662
384336
318442
488326
469187
639153
56231
822821
777605
406969
297218
790263
858062
939495
333983
942268
678365
155943
961014
805524
579530
917019
716278
968120
947035
128906
978311
643514
794302
150100
880281
715364
943204
243262
810032
229082
25397
21051
419084
695693
524119
379260
278258
781962
280961
693657
856289
451954
580968
593168
489160
681644
311055
77661
185162
529709
789927
604566
350339
759659
954227
640223
840026
555088
382087
902151
272878
371989
483096
55962
975983
377500
403526
461743
894353
919951
828441
738393
883249
369127
324053
429738
117013
579904
18221
535724
583068
452936
487317
180795
589109
221151
701231
427703
549691
671192
324922
202330
61545
981505
502800
387460
397479
993553
35704
447492
989324
238658
364885
549905
610332
706763
495547
745990
391143
481200
866957
832952
222334
121577
56315
227959
983071
159284
122892
50424
472669
437437
366802
610176
482100
303968
140408
304077
343681
599201
771883
303696
270552
952723
818675
871788
317012
437344
755477
544056
355901
108460
267874
794422
412687
628849
513884
898710
532871
680378
390443
442819
848315
990741
506022
425422
975239
841965
45630
841711
161586
927250
6125
382234
394588
800744
871966
722977
217787
890666
452367
568005
688087
675147
403170
90778
793449
516241
543767
987551
887571
823898
866604
743325
419304
467742
614299
776550
782552
138582
55938
641393
154786
441946
617827
803232
884242
874671
207330
138606
581858
965130
82315
162398
860780
560943
190230
575176
133775
576319
156557
184316
125972
533237
481209
573747
517868
592835
287310
999273
580634
868927
847226
412140
764988
268845
556295
263053
790691
947280
825714
503040
378223
577010
604819
882527
252796
837059
572122
153130
680446
288190
892451
987626
217318
336834
429691
990873
832590
787686
2175
887736
831755
897291
953664
836250
469399
973562
586870
38279
383821
522628
730063
575672
610071
610038
863133
720069
233717
881286
424953
468898
459576
654670
576683
688556
671958
459737
928646
54375
327201
845108
759835
703506
955181
698660
556917
18322
167268
995570
576141
382270
930657
516469
368840
234025
317942
350066
540805
28853
992397
595602
353767
543255
417685
599815
385984
975124
631160
917826
502325
696646
6561
348191
689105
771765
357370
952468
549688
285085
280213
730395
47633
516056
988926
888972
883168
147530
276702
862872
572898
228421
736747
628654
859
169568
976399
42862
322782
553419
629607
285666
374084
237871
877256
627588
422729
791931
640919
848005
103499
708059
62005
505260
524927
386860
73192
435690
386655
652496
175339
9196
237495
366437
601682
546333
59092
662630
230263
771292
374892
456870
195532
283206
174349
46418
145214
385223
626998
985716
531246
23259
843551
679770
716496
81157
282775
566346
639663
747908
283340
124247
804751
387188
812951
223247
16450
10484
460942
138189
300086
117082
489755
89983
663544
935624
996532
985601
424248
737947
32471
90232
664889
439972
665992
815873
987402
975317
216936
806242
769737
566576
286705
604678
443818
944430
858761
714009
482932
714476
268198
414347
551946
685540
113675
391114
767535
626201
282360
454655
448994
296110
407052
53041
603853
163681
25921
51177
744535
119496
593701
851254
420024
981438
743241
103891
304318
405088
272930
890600
546127
802354
909796
512044
556144
98057
439513
952715
480390
355816
703745
600768
868557
910874
847377
482650
509803
184646
504648
143713
725708
510828
918185
950161
629381
977167
71212
241096
893639
641680
680561
268026
164922
255243
492095
661430
748412
910012
378940
71507
953327
79884
494758
424751
311400
87751
763978
754157
133523
72043
182448
67939
376598
536796
799275
41991
441263
392945
647818
215425
383873
768015
778630
4125
953571
743085
155876
223421
842745
567882
917250
211252
251860
914382
400684
278402
271708
402983
370604
689718
856551
89907
739494
717050
67429
754644
775152
677987
844575
71175
315613
880117
834447
766054
604762
776297
819829
295591
246525
662035
663885
961557
732651
629401
358817
623855
80481
16912
970084
861644
608147
858556
191810
294112
162674
817996
606742
762269
52074
721060
334456
685045
364087
262700
574950
1377
208341
603372
804720
386647
454179
621090
742238
103790
506035
836236
982181
81803
786788
696518
720790
61794
622916
2866
210680
127066
861906
307013
843839
183689
832315
843841
836609
910441
695315
388537
757745
688818
502072
229647
74796
417916
193887
783398
755604
902915
700969
922758
919759
979215
695684
869535
419311
290685
494150
164781
910763
911017
17812
354506
846207
97850
781531
174254
563048
905311
277406
965667
138091
242436
140197
858460
495766
962432
416984
561888
141561
521634
9132
602134
916967
307111
973958
568170
704891
50372
858852
356775
847148
869911
458087
355994
758218
343003
514655
182431
971062
551218
616131
706036
123781
139369
217260
35250
927945
50293
512679
700261
621829
102029
51245
544586
524863
422750
57214
852200
368117
299598
573422
205143
872281
253702
689775
576811
430146
467836
708813
339195
611071
788888
680438
781162
814122
625791
797860
647079
759151
809990
750566
662250
529465
923654
173394
470380
362932
46222
99868
130432
30820
448332
551454
377310
244923
909755
620640
535211
98294
818890
564259
397729
901921
731417
264873
105876
414420
524294
173220
260603
447645
384404
971959
837210
536479
216419
775143
19777
747250
968365
482466
808193
977118
619380
158648
892686
569376
331231
721762
814648
906073
887598
653428
734827
908487
21145
721917
648661
668743
478837
437111
90977
392048
335653
264500
834815
60354
38505
897459
900303
476820
957962
551806
265974
361035
263706
345752
437845
29214
269216
301936
236435
396380
170634
51512
207951
399161
373354
698678
357210
707874
383893
554041
277010
164
40745
576547
204286
871418
797827
769773
215052
660421
714794
179538
541010
424148
120246
753290
512581
542454
562131
539705
677380
133923
718012
271241
361635
354030
880911
702907
448883
528385
65950
734724
780733
508212
426183
807899
911003
494611
834975
529713
2567
721868
44529
357391
855519
207383
509595
524869
571504
121274
871161
748781
180088
229401
723296
184993
128489
133573
64741
57663
15202
910569
505868
302177
344420
684267
1778
611859
752146
678817
113742
971125
867153
767796
132499
399359
629913
951850
698434
482197
299250
615642
993260
402706
872171
58732
520098
728930
657610
835358
607545
919343
79244
314169
568585
411987
328456
921488
865387
352119
904863
653316
649872
45978
386642
226018
221582
547207
803850
60543
995807
285165
144890
996378
778839
828674
959648
179330
206785
158403
744631
975611
499161
61408
990849
327247
485076
942265
253583
453852
89291
486272
851136
682215
701842
829005
518027
719302
447780
907520
319611
10471
71438
924060
816849
190215
679262
964883
629273
977293
853724
930412
192499
633028
537338
225427
727252
727751
643066
30432
578995
931773
418846
313711
452621
324306
368936
443555
269277
65868
155165
386302
401892
901985
648517
200608
15565
769802
91934
974190
228738
526447
176397
770837
975394
930177
223212
111258
574146
203119
752112
555324
889203
511769
180403
436069
895720
368424
265035
287719
430706
336191
659714
815370
260813
61855
786172
449740
526220
304100
690156
187643
171582
663376
126142
577550
684926
967385
983164
991651
605501
186617
991339
630417
159448
355128
91648
831273
6138
865632
397090
855726
394281
546763
710466
685901
406862
852309
92
124202
345856
247393
757274
169265
540427
839494
511978
154330
925210
965792
141917
192175
229762
796257
705304
412407
390341
523866
290797
789783
175266
240228
465449
189548
587789
471402
27902
829265
43519
704604
334176
171355
263664
839230
91042
445553
21776
232151
485537
989283
221751
84795
574664
966405
530042
144080
590225
156117
544240
543124
306592
439604
298616
137044
614640
324682
666362
546554
135791
428324
792151
618676
487238
300645
19849
403046
30682
772866
101222
977985
415783
148215
838382
869936
135629
957852
606641
640892
450366
276590
668671
739156
607983
325118
732193
675979
539263
521080
91335
242131
173320
273509
847191
514696
171186
648416
651315
727986
103471
943591
707753
306465
542989
929385
717745
579573
754131
792181
288759
887850
733326
10260
751174
996336
526123
161174
58879
73137
716052
533048
534805
644587
778
362616
995307
864088
908613
822560
671235
81742
696941
617565
181004
555938
537192
706135
811052
427374
87206
787578
333286
854143
297178
242422
574773
794020
862020
910271
537638
521703
759480
294918
405489
381716
543424
962901
688865
907946
712841
914366
177553
501343
516694
780089
743919
929550
766465
657249
769989
683285
442758
682776
383527
484008
214454
70117
135977
532893
833760
522070
566426
285604
776825
873298
76830
611733
955163
381027
942838
17592
666165
338209
670410
104349
113363
760052
373488
632147
216621
179115
258231
851568
73349
980366
257237
549631
957505
982244
278389
858694
105428
229843
619762
982529
182469
394732
232724
428787
444496
432793
138558
397834
147357
419587
503299
864449
476901
563813
24697
221203
868161
89597
858449
969858
541147
26857
931444
607096
243819
119455
898129
213878
21473
445004
398847
610743
447179
221399
424814
364054
344988
295885
552849
352222
392068
874587
409389
435467
411485
438107
327099
224451
376026
295982
727567
320344
977145
989411
707952
16534
188204
795820
635335
468246
164356
704303
627025
987960
986932
851955
763481
775466
589462
547229
233975
863963
685153
138301
89769
59442
367575
625118
900091
152579
537976
175191
264238
871916
157911
459385
824276
323936
14636
941636
824947
422590
733332
861507
847472
140549
663682
433663
141741
513880
325396
190457
594881
684023
998590
726728
656933
368239
345531
652310
754147
911293
35018
404526
679291
352491
643245
920501
303219
369594
239680
839370
346477
698256
998077
64613
53090
185654
856917
456521
454608
64693
88795
938536
557665
160037
283812
344911
217757
132030
516062
564208
925582
281334
85396
200480
247485
993451
928336
669618
741218
310350
747574
391340
848382
990867
969648
704
832931
956196
153285
303478
583264
214998
133962
166177
457627
606674
719822
588714
247916
143537
383150
24128
650298
445213
305768
127959
516330
491840
864661
516990
226217
390291
322081
4628
63449
348678
877974
520584
834549
398051
698816
246870
557839
865263
556005
499935
935282
85750
365121
647170
485094
29756
672564
153113
21401
901567
958555
451026
812428
647816
77743
448858
589937
380739
900055
301865
964703
674908
448670
614419
449655
912954
142650
181019
312606
23534
346538
396714
839185
598314
620001
467212
270488
125351
950722
827734
2094
517541
535180
759152
719455
381529
952757
266331
113367
917788
111364
446490
772913
794209
732221
270465
134186
943473
296852
971377
856861
448705
293749
176700
184127
66272
114042
950112
347677
395049
779670
88742
540918
186964
34884
194627
516887
406216
665834
570445
300841
127615
115230
209682
803118
166118
576220
697067
87830
927909
197293
931015
525471
107801
783565
510171
849612
598668
586050
732110
891463
657852
271462
359947
233646
180045
880167
929756
270471
997809
845862
146076
293727
160230
369575
401261
935126
282974
805609
54146
850744
504602
533413
900406
619838
782367
809315
627518
546433
356122
459136
935274
811776
859121
368977
373395
954338
873640
750969
399831
526465
669482
773384
745394
774930
840847
799050
299460
275051
640751
894550
900369
357208
635044
902320
948900
106111
659839
677634
712442
662511
169894
265832
979393
711665
786790
820430
957284
269622
764316
836195
779186
522667
372403
412473
475791
529117
202994
485986
971018
853708
614060
657363
176487
986041
768564
984498
265113
425010
141333
890539
940203
103752
501608
822066
495171
917145
344745
334460
835149
24102
228017
575716
584114
52179
800213
311254
802017
675105
83972
690317
351290
58457
72164
666765
141451
308267
172504
864266
813495
946410
913904
185672
175078
230224
146290
311201
402165
326663
73344
221748
897038
377442
41440
385807
724040
40996
358878
479483
742005
65036
670763
677238
457106
666929
447884
395663
483416
935078
83300
916892
249732
933440
933254
537104
875129
200499
811801
150974
300739
609548
545552
919546
319021
927392
936881
699507
974288
490050
192980
935314
170908
83931
583566
292092
388931
384512
353262
113041
704907
976946
218769
86558
171274
279158
321673
169077
681393
789135
755634
454360
100057
16973
289958
689238
790314
849358
293873
686573
637989
447803
678604
201604
973721
270863
73213
534349
8460
253489
269721
195208
352184
776773
851784
103386
199593
812857
197824
511454
399603
528222
27344
776527
241730
18779
919542
104726
177660
74895
158656
16262
303756
650590
240033
814935
227092
702895
675776
487630
653472
451634
169802
305171
997754
676722
697117
770677
865334
747332
164843
584904
557824
691902
282136
508191
985169
382782
506957
554968
77130
257465
18807
127964
716416
335957
628886
20632
887479
696325
808517
151613
19333
693668
853347
48741
69694
896809
294728
642566
153007
401429
244995
764876
841279
84208
227462
462153
849443
630998
713546
92015
587336
675864
823886
669643
221947
380051
363823
501738
606436
215384
539214
596711
944004
614730
594893
341304
144736
679150
512071
45255
391287
471172
898268
193371
513079
938102
799865
190847
743957
467329
681113
290463
864656
712682
627870
277196
827066
424501
952255
932523
201712
419204
232852
181398
101731
96823
429011
628603
734641
748135
795851
605530
99398
292689
14614
589765
521112
680584
193643
62157
899416
507432
445867
256032
440981
922444
910437
676351
539602
252942
917017
379705
962687
254331
659629
836766
929402
417918
708978
661543
441367
510500
178077
136607
464538
702840
835570
801279
921338
830465
557372
714468
49526
345597
87005
161737
705944
893358
864465
78387
356584
934056
896415
601936
714565
283813
221139
452153
845631
983754
805272
454105
297314
748064
239916
925554
297417
151823
905873
281593
204306
562746
350278
685804
17111
804467
576980
64858
227025
631550
115136
982384
642521
787100
732232
455663
769109
501214
20413
444932
679704
558848
661201
941503
828940
270111
250925
283869
419914
310923
687211
625989
867384
276870
882998
420209
925118
797468
794343
369978
272907
51703
357243
311625
953682
576368
363623
76113
559058
656526
526332
674710
384935
525024
764150
33997
949609
982450
968271
481192
276190
168410
806808
213031
497514
455210
92957
580217
584032
732615
576499
575888
183807
967342
168104
644660
152391
200578
51565
162010
705042
577829
296225
908326
960663
415231
104773
881904
572235
983553
591593
467575
365076
652481
741966
304176
597128
124299
572980
205642
529704
31168
660366
695852
532056
617237
94053
256706
77141
578255
522344
951860
55819
456355
117875
250296
197803
176993
835918
439304
224913
414016
165905
623505
409710
655028
530270
336142
482629
413279
344352
623908
136890
604564
120475
81116
570405
442668
585259
564406
471410
175564
747270
341301
602071
250505
884980
795758
955278
770932
867981
110970
14818
271468
561183
578417
785660
616382
308192
863216
986807
952141
746021
763507
318270
360718
444731
211957
443155
133497
595040
668991
874985
887856
399076
336862
751384
73035
607984
149720
169399
684998
307080
532807
3220
762174
301276
805252
873312
282445
133694
507261
442271
987218
797508
134488
772093
504093
97183
251780
902768
948567
771266
75335
309653
318871
292325
489030
888371
273363
443281
120652
284059
693198
613016
944956
635866
563309
554420
195647
548686
610575
852940
663379
270921
105596
844498
557908
649383
816770
504209
520200
204967
596672
514199
29858
424053
429670
10838
629053
519680
785116
196955
868657
271242
785717
237514
997687
975817
585206
243363
909630
802583
836415
973889
170695
959387
149864
805043
254267
655493
714799
498502
64025
506726
402630
412496
591263
794821
546497
832661
295351
163541
93311
236588
143610
787030
603705
267218
606532
52007
498707
457945
325742
995738
496698
880224
965996
787606
177247
545036
953240
901620
694157
289853
53242
943392
512687
500395
708160
988561
222961
396400
469502
638018
715837
915912
788450
620541
112318
992668
723490
20937
209897
70543
230166
826433
311475
373858
856707
35293
858532
833379
826217
677696
895309
819194
71725
12109
454809
516385
774502
232673
426701
706544
197322
398329
778852
251539
970039
794297
852311
271046
978703
261902
325618
603204
676366
77300
439814
632841
503785
77160
623851
137371
482355
690378
948348
655739
975758
195416
114666
292247
76469
897022
967977
992681
317161
630873
198922
379850
239762
926844
874901
573576
444424
286037
798850
939263
922559
20819
418830
311513
481545
318591
622574
977008
91180
636083
451245
534138
122644
161304
802603
594175
367524
105441
505402
506545
534616
687742
651816
893538
100261
73824
971868
801454
128209
20629
982795
957367
896771
326467
126814
728763
978232
98625
855995
253859
342876
901276
511121
908637
452008
311121
365604
297552
98869
456369
492273
164621
862405
242624
774719
552172
179523
242354
682715
496136
258899
415129
888443
195291
840087
586586
724570
719445
190616
977400
585893
483651
437395
738560
786874
484156
370560
465813
518749
206715
339943
24129
912813
556595
288352
639293
548301
21669
682505
41569
983
640987
725012
556703
406608
878590
811103
317400
27950
783914
807826
718467
167424
779798
196095
486457
449889
330891
450838
730299
773630
127718
527012
501397
879718
607960
190097
124935
732909
40639
44834
935693
959267
343154
754649
786615
832451
770282
637676
292573
687248
326596
776358
38286
593883
377315
303183
483437
982728
339095
50715
877026
862684
272618
996194
140084
7212
907791
786988
271131
529189
52449
326510
466881
540797
332547
233058
528174
233377
443501
438234
610173
972319
705166
364879
268905
109264
286399
720908
788437
724891
534738
944299
472679
869142
580396
973052
840426
968092
911443
75466
468410
386445
886095
323182
759563
807976
189168
869854
565044
945716
648822
893682
6457
722529
103098
889786
407232
935816
105874
246327
442270
610387
787462
167885
413586
135823
915999
348051
904603
262110
956634
537074
60900
241518
119277
70411
309279
854518
758816
782849
865960
785220
173826
114198
800284
592135
716958
687624
490243
207433
635708
347153
948710
632797
657490
207299
73397
927605
752778
632422
361959
365980
217291
577668
909516
414672
64255
292111
446964
913949
14692
1524
73962
801451
497915
800162
869599
740526
780191
493069
267409
811676
974601
482482
6297
254733
353596
507055
359119
628212
847678
494655
912424
221021
917688
308717
132324
343693
431622
528164
38515
566332
465227
772291
189917
310516
250059
156165
26765
652849
165369
690205
158761
469842
929486
221289
15241
771470
261671
462948
632773
815534
584825
18611
811386
723121
690613
147569
632059
413143
531786
232539
160305
29435
898410
122090
992314
445524
525071
552655
246396
873623
978553
750409
980261
397636
784391
362787
613597
816165
531078
294307
613117
819009
233341
535355
564810
54391
668637
406554
815774
479360
157509
880141
263687
975225
372132
36228
398615
408661
805120
964610
60563
493039
871536
343721
175640
790364
583993
154860
474705
29706
528628
81923
112249
737394
860494
402735
969001
928373
75689
585713
925998
321394
304136
458731
685164
103081
320633
300901
154634
266860
825114
538063
559621
567285
920438
892875
127151
853426
236074
779809
566635
183731
459085
640825
641481
869732
243654
249859
185798
35291
549310
686627
97910
315073
541232
230561
482382
794037
398125
232311
33831
367507
26031
978574
968707
120969
788748
851613
650889
987191
613725
189105
247998
264515
656139
168501
760939
980717
121522
300545
558686
312021
382199
769129
442467
558559
567988
397485
152199
982522
68293
435978
163668
562801
34517
212168
26434
355474
856995
313099
679411
849257
409660
850559
679062
412198
154316
577706
885206
616985
471872
193794
427659
973241
893730
937776
162446
183448
944255
802676
557303
548256
395044
151736
625959
571936
712085
727509
492649
768021
696790
67852
949731
291389
432886
774703
637663
966431
852471
414139
215434
596645
606905
864106
172789
502606
976334
823813
59987
694415
379212
615691
591856
413221
132223
860484
791109
713168
209971
525163
333870
724180
185031
846534
673152
890982
725138
60564
479574
38057
738561
426043
699240
616892
577776
179529
566580
397685
740284
947511
862468
87520
551729
198424
438286
571265
716311
206301
832159
891194
867493
134696
172445
504765
410643
844428
723375
589410
694658
58593
574413
122941
242887
377927
360362
985109
151057
145109
959609
704045
530670
934951
463899
584560
449587
100402
309151
505836
293817
125699
287881
140178
363777
326013
719134
773225
272046
246403
59892
916110
534399
296289
314077
407104
590916
848472
385150
612581
290088
320682
260523
37247
387638
568454
273272
935390
456598
998222
402832
390354
443826
313736
979868
196829
768707
563432
207073
947614
69422
689996
964889
390896
358816
301915
562119
590349
775860
848899
208562
391991
230564
923126
737815
959590
135047
662839
788206
367563
474534
755904
369905
676867
894658
647429
615980
111108
148719
167741
379279
785142
552125
341338
267342
872394
610175
999056
313231
412204
579398
333089
83303
605734
75938
301016
631415
224377
169073
168635
797329
340474
59647
582773
847504
141743
90043
58821
206072
650084
23281
153240
960058
734132
474271
622086
899965
267157
394423
312964
701347
951438
843081
743436
127756
437752
135219
698945
490363
406893
416371
549865
565664
652354
202829
636915
471302
586839
143430
383281
32178
2695
129691
145930
304922
953651
811770
534400
9125
575738
515351
321620
653886
474244
619013
511201
312271
95495
911669
909145
348856
479515
299665
628779
50521
123712
296158
280260
917985
936197
444099
816590
44067
889659
134583
480898
492888
780712
563318
436623
614173
247687
809533
810491
928430
915266
124616
471088
579211
261069
347984
966355
659891
892807
248707
601991
540215
704154
519878
8755
53100
659271
293382
401157
580594
715329
67663
422494
105822
394102
15419
104681
893403
796467
137466
871280
416643
527219
396822
914279
964671
509646
621530
141843
91959
231312
492537
683476
718377
906926
343584
706090
679266
741463
173199
498228
967825
998889
394491
497274
421384
768759
166398
588795
819655
407669
912958
674473
842588
436269
669136
52255
296473
757332
960782
508587
928817
799296
694579
663152
502176
418794
531647
156274
519698
92790
939140
458059
234925
30080
158962
375993
125503
861262
78880
144237
202764
321903
284821
273097
342255
930145
157483
709413
726036
462805
734281
957549
696616
81557
721961
507565
741024
168900
680868
161398
636992
295179
598905
477360
364944
569746
129899
707210
100154
52745
214437
294522
348176
484408
101542
106923
177812
823085
199493
879714
303335
214630
789634
217768
211408
965186
969872
767575
222786
907715
212403
602780
366622
16160
728699
349709
149506
846254
451846
338037
446629
105127
161073
665055
51981
307700
561363
572452
16478
571019
261861
807766
902585
36001
659942
117557
509658
842850
769753
436668
414253
854375
82213
958929
345394
285646
913274
988961
230958
319699
680147
27441
957092
391235
559391
288252
490044
200582
696107
516354
413924
387552
712227
881849
645076
687331
439329
54749
336854
269754
968211
937311
159825
819285
264896
286951
920523
833000
99369
711744
312526
944710
902701
881909
165391
36999
68368
592784
471387
639125
469967
162570
517830
503547
940427
871068
541955
377380
650177
356273
610546
12131
798795
464857
43582
79952
826819
313747
704012
916653
157929
390468
752683
936569
592199
807197
116042
1513
924096
343455
920268
880301
510201
348252
374861
891481
342256
997680
679798
827524
374987
546029
209799
943363
423565
342351
696004
43138
520153
589573
479217
556747
845817
509761
52694
921222
630068
613733
74108
432887
603367
316849
154538
466694
235370
417516
513595
865849
580931
496017
581206
262071
896541
753407
756879
451827
146614
121103
791409
254977
332791
345852
815841
689056
550901
645060
704269
577707
178250
531175
111264
258817
565652
120212
755190
215882
36786
962606
671548
361201
774035
856517
17864
212982
914716
704628
773325
387518
256591
825810
417323
181247
391076
630168
61448
733685
575822
364569
330953
935675
782914
429134
146713
37604
556274
349595
986544
883938
607972
69045
637707
755713
928997
618995
882990
162967
14628
535422
274884
446903
948692
353801
778238
533451
133323
177000
536348
900385
890040
492985
581668
349918
593066
52747
349754
651415
704476
197013
543104
700301
878525
118117
553852
563071
270903
477852
82600
998816
422149
314273
139788
368746
626718
794870
376116
194592
448624
482395
965661
784774
403139
810163
845613
217678
717990
849114
634773
764671
499904
56627
573047
375754
109052
47474
965954
171958
398305
133513
863132
605894
457146
661219
427607
273187
65805
608886
824937
577595
253940
587510
379533
382082
942851
589896
563631
273355
769246
534148
289349
645123
247323
826432
409429
199311
551236
708966
80752
196077
249211
280777
633043
940054
630084
175655
366849
949586
551007
592612
24447
436541
745764
162261
633784
77149
451079
224321
63904
45461
881651
731480
412658
822839
900869
16541
66846
406959
555404
527133
981870
504006
423713
506666
469199
761789
829447
227343
29561
331571
231685
917820
402305
42788
427213
424322
40666
57283
307614
997361
243586
188552
204015
455971
169690
568511
703299
626644
759284
178035
896430
258903
238439
804223
511962
610713
335972
166340
584998
47985
844562
129645
806017
300816
884021
331293
612075
185479
110923
971815
362865
979457
116603
343202
61277
95217
169492
457737
182029
561894
121505
61684
155802
139326
162282
108899
79091
148725
132350
262365
242533
984819
420660
534491
574131
597195
411202
804098
719059
687267
555118
996230
374541
950490
5854
437399
394960
129821
935241
881184
296261
474377
550549
771618
13156
324213
358706
594467
555982
291968
420069
658134
861723
509687
23623
116349
227387
957683
825189
424924
489630
755077
331953
651594
140771
911700
328971
753145
701985
509580
804433
900249
738679
866181
414609
1491
313717
984863
150329
871395
115900
923254
816411
473580
514594
347091
309826
29315
167126
242577
843037
301723
618005
679841
87914
630192
142636
936956
551677
940379
785386
757408
862541
587896
401917
207738
529096
819279
432576
146758
70982
839519
32704
88667
155660
61281
104900
339141
13542
862942
356408
90490
735654
543490
969201
472296
590894
392665
823374
774172
63359
623665
465947
304849
398325
345969
248249
983898
544368
396335
562238
496209
665014
23685
192481
633806
722782
327122
499882
517100
48561
351244
389299
871158
691970
585518
221936
406239
588227
580170
411201
61017
515426
246368
960523
929322
759359
304276
381840
237055
846276
581539
612453
847589
920321
822791
338898
973176
217090
937572
763298
220162
327226
326040
163713
166938
132180
164395
877570
832906
945265
691417
503025
972388
849219
825865
668577
909318
904377
441868
846397
48542
789136
588017
799186
843474
863067
575026
842028
93749
449824
869452
246283
496436
658861
20925
928745
15224
190975
352345
60200
369282
709489
948295
302792
375570
972245
566697
767305
882661
434057
968473
25549
275621
723102
435831
529206
977258
251223
465413
667922
994736
475472
85270
670509
59321
731260
954748
74380
794799
423465
487347
132571
158181
688378
702186
604672
743348
398417
265069
611566
55323
443373
563260
837164
70524
356737
372319
516963
568166
635758
135230
236516
779285
4323
253272
124646
689981
59280
949423
372194
957859
854985
552960
831592
416876
951005
841673
548131
18098
412012
596736
589102
470426
572277
720870
636636
706384
131596
863571
139623
707500
320005
747146
687418
769892
694842
313065
280986
646638
233692
362439
813449
5860
294998
607383
238749
953134
782578
255106
937778
807307
779978
822372
444405
617966
112007
516733
640510
374487
304352
793611
724963
145236
630602
193448
386732
348574
826673
307168
337486
556142
691390
920825
268970
66391
33024
747669
22995
990676
350104
55184
653028
579654
975110
327197
67965
406225
366907
914199
131791
457710
326780
541651
981926
130746
283741
685889
490302
996201
477523
543606
995839
393412
935782
451086
764727
424562
687997
225232
854906
407295
453178
876309
498900
776047
816386
116936
322442
203737
115541
630749
588038
410730
582266
243923
908219
539949
920256
194388
669061
559436
631394
57203
739014
621993
83124
539185
791852
743461
61333
913455
916031
884355
41843
805024
927648
53431
337154
318638
200027
223244
823035
75850
752077
211876
635683
836953
88375
414742
960950
407403
478486
833375
364251
392111
125905
650610
838333
63711
487781
9260
560849
545494
939408
216388
169001
892603
628394
161948
673727
419337
859126
708469
952930
316513
858312
515070
956547
156758
223697
531853
893707
45946
177935
887467
202177
127374
205771
727732
710727
638262
170212
379121
629632
278337
439968
860764
531274
519705
261219
788709
627349
522360
503024
159750
725445
629588
727960
257277
634471
883731
437811
693469
956131
270611
789423
974908
37918
257082
426648
284299
374255
177605
358728
344734
756278
876197
987591
263762
934160
439101
570721
383851
112573
714934
788515
740224
227117
532547
607612
48764
744456
878103
663014
115890
8302
479240
832413
767762
54909
305417
704283
931498
185667
995714
175172
918980
406236
487300
411914
318504
128455
471900
882188
347670
236819
844426
312368
997367
395655
657660
477242
910506
247149
482872
251145
772209
619539
759335
731443
667720
409704
395904
216811
369864
550790
460183
420124
522318
865232
533501
591698
91567
114848
909865
924607
885548
116645
323402
864537
348694
876861
275240
828806
274503
26741
268215
521020
567937
868806
633870
809529
536147
833733
998231
699190
938684
74128
757379
864540
347841
71118
179165
395704
108536
51631
191909
682160
99390
842652
864502
388134
600659
887773
649598
582151
65568
532648
591911
659716
585376
559918
605724
554061
888224
212352
636496
483705
660175
850953
413954
281582
279604
209546
214948
885381
773414
686365
864835
862443
836120
95618
924360
223340
286108
416638
823545
263651
511015
889275
843445
644209
930210
874247
544808
902735
486734
853611
826873
139183
184389
600785
289354
992611
877812
417843
341625
759754
333840
739178
373524
401168
163444
933528
155143
928167
872174
219054
289180
753447
268407
828078
792470
239105
721263
570358
510947
974250
105205
649320
911094
202391
720025
283371
357706
283755
537149
886401
568053
757711
291289
704772
464853
62856
104147
942745
68464
284828
281777
614668
617159
593538
295965
877773
194889
659615
789860
121769
896024
828790
355411
89411
728007
245609
187949
458416
648422
888470
47529
974362
658611
340384
898727
466758
749912
425870
528355
4074
16354
904916
606144
12608
159725
101071
113734
164184
859219
207257
746195
554588
966479
953965
641060
577417
667439
463832
741618
711573
688869
956002
324247
827896
810774
379772
912248
590834
580293
625897
436243
839712
294383
573448
252712
800682
898719
3953
746500
738328
238478
705623
23967
747746
821177
164562
112947
878846
777346
104037
695157
448492
417435
115273
62675
30871
33984
939646
658173
220091
69603
19393
36249
690102
267548
367393
993726
218358
35466
168699
517402
617365
296410
191745
111572
541983
502773
9644
211410
869922
803250
32744
924344
600989
887126
204829
163982
770311
769302
639780
355429
212037
865092
893003
203072
710050
770102
752154
197170
226843
414605
911984
81698
494258
125313
907184
115247
999306
11044
603510
558109
270800
462256
256119
389479
882195
582686
690585
346865
15659
721485
23494
279206
748143
697774
699894
12789
129423
165814
773453
729400
468361
357369
825992
717023
195383
208051
56683
316698
726152
557571
747273
199083
104613
452498
67109
554418
657658
105908
355784
548452
393503
23835
814201
104811
836825
895989
183620
545942
153365
324375
302691
552964
488017
394658
35748
242301
522973
540987
553455
328394
852115
876644
760532
555211
181632
553544
168332
128451
949675
454681
156284
515209
738549
248882
435880
673745
449989
887502
966548
69283
870189
901715
128400
467666
552190
26877
156281
446929
476797
1649
726175
864697
749296
160783
139485
24146
252667
661694
863637
590015
196151
639706
654832
199392
828331
572446
518861
519658
629428
708309
22915
626726
919773
295293
452196
809361
28675
720734
670668
463741
104481
573687
824960
674375
402891
479237
9760
32967
317475
833063
852937
322483
925009
31233
988801
517552
222530
907343
277518
926185
747207
670796
6640
67355
548740
624568
613588
799331
364363
626818
386124
815479
81837
862813
914748
790149
208090
902496
756550
121757
572921
914648
339017
75874
523183
545839
136023
10033
384927
168470
567571
785292
615562
632189
507433
401785
112444
384738
854178
564272
676057
379079
831435
342836
869229
507916
687871
983937
213791
704731
916723
752831
199970
502747
602214
244470
36630
880676
194128
64067
712351
384585
316699
855469
956023
299450
544089
704643
137954
431496
247826
391281
289061
351010
404135
446449
922881
965738
303599
861321
246601
281780
957026
410425
472468
783904
370803
447770
427139
988762
786708
652611
98458
915888
613985
643861
438413
109365
552685
272430
85859
399718
97273
515006
546358
656862
110248
333211
145272
755006
768205
961701
835735
412218
760388
108459
623843
615575
561580
378528
656951
465842
618305
102556
126563
478639
732304
698564
432900
412296
863498
243817
871544
879677
455130
965502
615887
160579
593043
47942
89552
444230
498730
583126
27473
376763
606398
402220
657369
383289
825412
996612
549000
137053
249564
931981
829668
931967
613194
689970
153284
96159
247919
317342
643558
836098
928660
538343
132835
435310
250679
723276
376581
455257
674777
927517
522752
904250
550984
114232
171847
981170
641448
417922
312277
624866
869276
513412
23298
921037
93565
236017
90574
263873
862265
498329
743501
707320
46353
603436
914881
343363
576118
33179
487911
585637
571479
148786
498191
544923
372455
280325
88254
703187
898500
768182
304609
542869
759635
873732
682443
859546
838088
62864
353702
943134
636826
644598
815786
537152
235795
568700
667130
145102
701611
358760
137200
109973
647207
682352
507214
996717
431767
528525
349665
839910
137936
421534
361740
469681
900896
420050
433627
900503
423805
582492
949265
435116
724990
961008
475930
711305
74012
766222
254503
140088
720920
220735
872098
552940
191950
754716
232629
751578
562878
192265
822378
120611
398420
674539
967246
826556
592324
373846
978355
416258
790317
303227
429808
862260
229360
916436
536351
176831
834355
30714
715021
759364
194116
609589
601371
170487
789598
458575
114062
73089
776620
872343
497574
854124
536926
67100
647333
346115
823588
633518
326126
489962
642704
922341
605040
162617
60561
562925
663190
134713
295892
513782
331032
765709
393031
960204
608704
860628
263406
647349
784855
875042
981559
541760
524557
117891
52487
104863
176460
413159
218236
646867
379375
734685
225595
201171
766699
967518
829717
862341
207522
697833
889408
920784
65947
828160
891689
819790
998377
781412
973969
813677
893262
308989
354715
71043
822597
608773
299934
45296
110159
602327
3814
950026
890870
628650
194179
555101
913645
641538
697317
261067
556416
882514
858288
842598
82890
50557
735352
96237
582988
86537
258522
343552
625783
536342
30184
245936
653364
668372
711327
328086
333725
93296
157970
281611
918524
47670
367846
681457
647830
357597
892444
268296
584304
172828
998401
964725
682692
834523
284959
969775
449743
518312
441382
259253
928001
280686
556518
430050
837079
900615
448909
486391
781928
886580
372904
131591
381486
499568
21325
971163
279399
472207
402532
756941
810965
455453
696356
200919
551062
898101
203313
164428
606143
757647
231997
408118
15789
74575
700838
689692
609973
166315
631784
46216
719221
22565
475262
200135
281676
443794
809618
386021
857249
324387
18409
730784
329006
498489
433461
554623
74224
64500
898457
832490
762723
424950
571084
148497
188917
53382
593568
856968
108753
501101
713775
214822
858216
754284
366933
281952
770326
767697
448688
750992
119452
231724
175592
348517
504700
40197
462246
151066
267519
738593
539678
356278
206739
741320
891510
341725
726568
991510
732368
971696
233033
251060
860830
27345
524061
870153
958896
591569
880460
401795
359078
467783
472976
44940
12700
745601
383982
545545
923343
206172
155651
842257
782982
263528
879233
837199
60787
722628
313588
850852
375922
211810
785217
658079
174145
974446
314963
32713
474147
991396
145391
535275
833768
760512
313
852197
927136
52246
570806
668010
690643
373722
930339
501673
949924
569750
953875
297382
94610
85177
685131
444854
296047
909419
168834
560344
96120
849831
266923
359182
636187
387107
910396
324788
858545
472735
57202
868033
747468
199457
547900
237787
31827
253531
80811
969723
291618
633626
474834
130952
580235
311208
630495
858284
110967
48762
141223
344829
611549
28473
104238
412593
966822
922362
421314
147624
678398
216314
778106
317111
845784
453586
351489
677141
895513
281278
689167
285098
666122
346207
699641
151313
988303
862134
49330
107999
233239
717999
367039
540650
852659
706652
677353
998358
327411
463676
40973
917967
145601
497749
486426
664609
154209
428753
430872
73392
523838
881271
642201
24984
236005
230126
557290
516824
205758
144002
508523
801585
711398
870311
756772
731727
322788
682912
326654
713812
417282
984054
385328
958235
642666
510484
820898
149849
870816
797862
113463
789160
865353
94023
619946
554014
649640
724398
324887
249203
328532
753332
723659
762559
663403
470281
334067
176350
171561
91818
304617
430447
119759
857109
174963
322860
498686
657476
181921
105924
134754
594901
528668
225057
336978
329276
196900
687719
233823
623399
285388
144881
797920
328163
170982
766518
418167
155116
8769
747262
900716
299502
471472
690729
142387
301650
661362
472115
96157
603911
705720
301925
259551
782278
794177
185373
529202
853958
27171
543556
963139
320851
301075
402237
261242
559453
505194
359463
568081
781549
85017
798230
718990
824268
418825
119370
668258
75355
134989
343892
477104
789720
628791
735575
499058
43775
370165
672900
446017
585848
800555
814927
313293
441701
141439
559021
349093
569024
376897
718597
623258
584373
984950
203866
768147
622207
185217
360629
674273
435967
761580
910001
802758
151126
138477
702617
672616
185925
77442
757469
367634
83798
92727
905827
230005
872816
350620
384045
169642
210010
670680
13120
797111
151699
774238
580063
327838
881822
779709
752635
981370
942774
543010
68391
966493
863286
929622
852124
82737
178093
242832
743986
785271
673817
723752
110445
331076
379541
428434
93639
144928
993697
836593
833092
812353
732390
972887
752239
328154
938524
518994
908736
871732
163314
407773
789139
610903
565202
183631
998705
399558
14874
804314
378408
676422
392272
60361
542668
504478
246673
79309
319869
801599
989648
393083
717409
936070
