1
1
215480
549615
270601
714594
384616
270601
549615
336205
251058
1
724378
724378
435278
384616
1
336205
714594
336205
724378
453752
298801
215480
324041
672269
384616
279156
692942
599570
460809
378421
123797
415171
672269
599570
415171
270601
1
339296
415171
766680
135695
941764
348393
692942
270601
549615
234482
443363
234482
215480
997580
692942
856402
291142
703654
580455
279156
460809
500931
298801
185881
702283
453752
251058
215480
435278
748511
580455
215480
273111
435278
348393
207861
384616
692942
997580
984885
279156
378421
606159
753003
856402
185803
380196
273111
910305
753003
669263
703654
247887
234482
366079
714594
702283
959379
724378
215480
123797
380196
635746
298801
336205
357436
273111
911091
279156
23391
370713
388629
997580
185881
116143
753003
453752
549615
298801
580455
167878
705850
748511
207861
816394
336205
852050
135695
336205
247586
247887
800032
209545
856402
606159
692942
860628
635746
442366
906863
852050
234482
247586
959379
247586
634354
270601
634354
33019
348393
862155
606159
899490
25973
725192
692942
114250
505254
899490
378421
997580
301698
892418
692942
791969
378421
892418
558960
856402
276698
435278
765872
504999
519867
226184
674640
273111
606159
634354
666818
935394
226184
672269
666818
15646
907554
791969
123797
767653
500931
388629
500931
415171
251058
997580
424318
370713
862155
519867
348393
643071
635746
959379
837270
276698
669263
55672
505254
496363
984160
984160
580455
955178
655927
672269
984160
528168
338700
724378
840159
525180
270601
68053
309823
714594
937354
348393
496363
907627
8811
147448
180052
75082
454018
552831
419404
539941
336834
634354
650014
753003
903613
87596
201682
270601
369825
388629
469962
724378
143311
180052
1767
324627
902880
432515
33019
180052
97307
504999
820823
875832
185803
460809
116143
297210
695044
860628
247586
630454
12301
907554
1
309823
309823
380196
147310
840159
324627
184871
549615
336834
429400
481863
511086
695044
791969
247887
147310
419404
838459
941764
695044
25973
143146
856402
86677
383552
970731
823384
911091
226184
820823
12256
384616
659286
262103
370713
970731
12006
262103
126448
317524
2212
331139
900419
757752
514442
545912
174317
192294
875832
816394
31163
938539
482405
247887
737967
816394
649583
500931
907627
580455
492506
159159
251058
702283
521618
292258
20026
910305
331139
645633
310846
141649
549615
762861
876471
220243
767653
365212
455795
580289
937354
185881
336702
899490
131539
959667
708805
695044
404921
984160
1
973571
982718
310846
959379
139248
892418
195925
580289
292258
580289
587393
911091
345005
568423
754134
422124
348393
695044
369825
68053
852050
124593
419404
626105
331139
558468
293500
282407
492747
336205
79894
424318
714594
377464
768066
447538
2212
185881
479288
604485
622720
337654
549615
312034
419404
861475
558809
292258
822280
147448
234482
143311
899490
357436
174317
589183
17178
984160
147448
159159
123711
992522
692942
806384
143311
415171
469962
907627
73289
620825
443363
185881
123797
984885
855472
757752
124665
751197
234482
897838
955495
757752
143641
864699
378421
366778
406999
12256
481863
955178
469962
124665
798985
672269
453752
751197
531369
438235
795650
380196
455795
552831
143641
876375
201682
270601
852050
686969
17178
79056
523407
864699
422124
810070
570897
247887
264091
783022
852050
91428
12301
775104
933828
68616
824639
443363
183295
824639
959667
840159
933828
380196
587490
763
899490
114250
695044
911482
319165
332560
557355
876160
533044
753003
345005
87596
822280
631949
965308
148446
143146
295139
589183
264091
214952
543617
714594
222818
727718
46720
195925
12006
334580
893849
686969
855472
506381
667682
8811
650014
242231
58049
838459
104818
93004
574153
97307
874762
816394
336834
422565
222818
291142
35820
945390
338700
911091
500931
222437
947048
295139
498153
348393
52532
31163
757752
816394
800032
860290
587994
956830
460809
12256
539415
215480
242231
702283
390513
180052
545871
612985
168933
17178
44492
816394
761581
384616
12301
104818
93004
816394
824639
52532
82666
185701
242457
394467
9364
329950
580289
384616
68053
961501
501521
222437
723053
52212
607997
813811
536861
561526
301698
595265
568423
366079
935394
525180
407836
324041
571348
823648
276698
591520
507126
91070
245210
384616
174265
357436
174317
753003
197361
192294
570482
16202
506381
568423
915567
800032
612059
703654
395969
967911
448290
189713
680211
744530
492747
214952
893849
918568
35820
68616
397400
840159
958588
370713
861475
122299
983458
668191
976840
861475
800032
775104
695044
997580
122794
911482
185803
295139
750636
366778
744530
201682
892418
404921
496401
588429
911091
531456
822280
531369
875832
631949
927388
812679
121765
808829
453752
861475
840159
481863
451653
281063
823384
12643
137706
443363
912597
293500
667474
45857
856402
918568
800032
539941
997580
453752
421339
407836
141649
317524
650014
198003
209545
506381
714997
247586
442366
464323
737967
272318
126448
861469
422124
222031
494440
159159
123711
760208
876045
481863
658803
384616
619670
355132
692942
5757
281063
617325
731583
247887
840159
264091
429400
139234
609769
659286
737967
141649
222437
945390
378421
432492
843233
811440
536861
175084
587490
184871
466000
79056
735549
123711
859243
585887
407836
669263
743499
137706
620718
255928
158722
510083
139234
1
46720
625876
381827
635746
466000
253891
185803
222818
967911
141947
976840
206859
489006
996561
122794
845811
764787
161684
781316
658803
111964
595265
861469
800240
342428
682123
500863
8248
148446
667682
821399
921658
390513
329950
12006
91070
86677
551545
630454
167878
238634
890244
864699
642892
8811
197197
659286
348613
808136
695044
728993
17688
339296
730633
838946
746984
511086
479288
898408
444091
418248
338542
442366
381827
357436
672269
396417
953411
197361
384616
738654
287043
941764
59219
348393
137706
44492
46720
450995
703654
729227
97396
29692
260839
837270
742735
35483
731583
206912
297210
281966
336702
997580
768777
724378
454165
902176
201554
511424
359119
94179
580289
143146
972741
378374
842281
831683
862155
892453
791969
183326
695044
230436
544004
327062
211424
12006
256820
970160
163999
12256
370713
751197
479288
404921
216303
103952
561526
933828
793556
466000
137706
953411
840159
31163
864699
295139
808829
201554
514442
587994
570897
9653
820823
640253
174410
451653
838652
813811
469509
993367
849790
45857
31163
381827
294501
531456
59213
634354
915199
974766
214516
79056
737373
176953
378374
596820
747079
596417
424411
415171
892418
241531
669263
245210
184871
312674
247887
767653
101735
911414
592431
97396
539415
872968
764787
744530
137706
667682
123711
883522
80478
720970
31240
599570
180052
830896
63443
967911
394467
878748
708805
425575
504999
16202
30602
693163
911618
533108
41793
407836
961006
397914
425575
424411
274332
123797
965308
220754
941764
17688
956830
220754
823384
8248
861475
496617
283256
448290
484633
692942
290973
831683
728121
545912
113345
558468
298801
910305
114250
505254
223343
956928
201682
812679
802522
653612
815577
839602
387353
234482
160861
4009
795650
12006
883599
498153
533747
164160
143311
597723
189713
511086
504152
634879
646946
883599
214516
91070
15194
629986
216303
394175
894107
1767
137807
792084
570482
892418
792084
111964
448270
419129
93004
139248
212350
864699
876160
366518
539941
714594
805222
424318
222255
682123
325324
270601
842281
122794
245876
847418
979456
185881
247216
870107
289252
461625
91428
141649
297210
686969
494440
658803
464323
849790
823648
607997
653612
702283
139248
8811
384057
927388
841522
321777
497245
33019
55672
628354
384616
127885
437164
404921
620016
606159
921658
947312
288693
599570
749976
664516
220435
1922
324627
320150
645633
911091
768066
450995
228212
41793
769950
82666
953411
507126
350317
179870
209545
477243
583746
992522
350317
297347
428163
75082
790555
509127
846670
702283
748008
312674
634879
721052
610973
714997
355132
281288
842281
509127
693199
596417
494570
870107
258304
428163
337654
306756
533044
355132
79056
720970
198003
861586
933828
328558
139226
658803
599570
272318
798985
791969
845811
419129
136574
358558
633781
782839
418248
606159
79056
144941
628102
8248
192294
847418
970453
258304
836202
675691
438235
187718
210388
598770
612985
86677
301698
328558
591102
500849
728993
657292
515278
645157
961006
27853
866064
274332
468553
337636
141649
692942
702283
702283
503936
510074
373171
319165
810070
761773
742735
256820
394175
73289
811924
332941
154715
974766
38026
906009
956322
31163
294315
243064
368768
754134
2212
705973
289252
822280
297347
860290
878748
384506
594944
713376
932549
68616
357436
511086
540608
767653
650014
966846
655145
389797
972741
657292
450469
198003
389797
122299
629986
9364
609578
711362
549327
189713
184469
548298
936265
869180
194342
497245
519867
529006
810070
258580
262458
513783
111964
417758
635746
565957
824639
757752
484633
744530
143311
551545
659286
532549
664570
767243
961739
831683
592934
124593
838459
370713
840159
17178
394770
919699
449923
337636
531369
12256
159159
298801
394770
500931
359119
1922
607997
1922
638023
997580
922456
932549
802775
335784
259615
396631
340547
628354
88354
283256
378421
262458
515559
418248
836202
332169
533747
957078
955178
492193
139234
597723
154715
466323
216303
700172
787003
401169
35179
122794
178250
325795
746753
270601
777664
600831
914553
339296
893767
974766
441593
727718
81682
558468
571265
912597
762861
355132
135695
855472
104818
18481
384726
998297
751709
587393
16202
755473
714997
139234
667474
942185
144194
147551
31163
240218
293904
937502
583746
308544
15646
139248
424026
860747
206859
167575
168933
858997
850956
557355
23030
287730
718979
155328
468886
174381
387353
659286
26922
476617
823648
449627
188028
776679
526836
262754
369890
946597
640253
8145
247216
294315
915199
284495
898408
815577
81682
543617
731870
474078
230436
658803
533108
92710
314146
233404
927388
103286
590348
294315
876046
187718
174410
907658
341017
579048
778565
545437
577369
424026
426177
195839
279156
362613
727718
111406
501521
276906
401252
368768
384616
112546
947048
766578
664516
482938
293500
466000
671166
842447
390513
85780
966846
558804
186062
278055
743532
993367
153561
890508
338700
958588
220686
796606
764787
791969
977588
221547
916237
845930
504999
513360
574999
363955
859243
692942
264091
369825
313019
831189
114250
75863
504999
601855
645157
489919
228212
448479
388629
544004
501521
594995
751709
424411
508464
767672
549328
769675
703654
996561
810070
571230
209924
596556
810070
860290
234482
111082
598770
745723
260839
107603
559427
430606
123706
44432
442973
861469
679569
418248
945390
646946
229991
447538
9653
976665
138139
121946
793741
971333
308557
443363
727718
482405
350617
414575
435278
915567
771970
773299
17178
421392
808751
426388
384506
14605
278055
447119
127885
906863
413827
441241
767525
754928
447228
136574
114633
976665
891180
461630
287730
33785
313075
336947
382917
183295
206425
860628
874918
835048
303433
148633
103952
291142
243599
336702
466314
859243
805001
596417
384057
397850
773299
290618
220243
528168
216303
589183
942185
4009
700172
947048
59213
306899
983133
977588
45270
289252
914553
786809
657334
860747
621224
184871
454018
513652
452118
847235
16202
667474
228212
996828
287043
380382
409273
840159
781730
299103
692124
972741
270869
866276
358558
494440
984134
755056
802775
222818
500863
630454
288355
236378
281954
206425
93632
936265
876045
604485
902192
445232
1922
207932
672269
745723
383346
808751
628672
500849
549615
15194
751197
628354
79825
33785
449888
498153
306060
272365
588429
274332
936265
364257
198003
324570
526836
121765
604485
219121
706915
327062
148446
182910
195839
746041
2993
330895
624214
557193
742735
339296
819578
604485
241531
240492
938539
628354
184469
12301
448479
317853
686286
976332
97930
816394
432856
210388
961739
292258
651554
406999
858111
962527
708805
918294
544004
268363
111245
178222
489519
317853
803590
35483
494440
351026
266579
377464
508464
460495
863927
513694
35820
429400
466323
432289
314071
131516
136983
915886
872968
17522
730633
852432
556882
72605
769593
592934
328558
155328
894107
130960
39229
876045
15194
135695
187972
240597
723983
455795
258580
692124
227239
798772
373046
748086
247216
362042
570482
666818
875469
348613
722754
139234
110461
620825
23030
436556
401252
790689
515559
763309
328731
521618
890508
510074
264091
911618
371479
606723
400334
706915
380008
617378
147448
351026
656862
422565
513783
583746
282870
947220
531456
910609
697077
779903
625740
297210
14605
511704
279156
760951
703654
693199
749976
206425
227052
881787
189713
956830
524069
881813
178131
571792
63484
144941
424941
182910
889689
658803
959667
1
323635
633653
365212
959379
738654
449923
59415
872968
443363
432492
425575
649872
705850
489006
853010
455749
426177
271791
328558
528168
94431
503823
942367
672269
867195
462788
669263
979046
672478
921658
668571
147310
706915
290618
767672
840458
18481
173759
466000
574800
605455
555981
842447
638835
961006
808136
983458
731583
26487
612059
366518
751709
373767
287246
181750
663531
75863
568423
549700
417758
331139
761587
649051
8248
523103
860290
574531
155356
488768
694226
863789
948322
778565
63484
978392
297210
633653
202235
492747
860628
452056
314071
437210
110144
350446
983458
813586
610973
840017
426876
521618
8811
453604
847418
127782
860290
740750
519241
41793
137807
962348
16202
148633
82666
466314
147615
910225
873809
199895
185881
657140
781730
452118
433500
445492
150838
366079
798772
212982
229991
324570
860747
714594
462788
504999
359119
484161
397914
955178
469509
963101
285958
373078
631949
31163
758576
593403
419129
259909
10935
936265
680505
841522
508464
748887
654035
443779
478600
143641
190293
282407
83324
762861
87441
205161
887383
549700
421339
384506
614654
802522
723053
5757
89144
604485
860747
980601
504313
816394
266579
370713
899490
890702
256788
543904
946212
574531
754928
313775
653895
347488
758576
730633
767525
143641
484633
360458
545912
422565
607997
281288
197456
938578
634835
35783
953089
949931
441241
52212
546975
971547
290783
875832
64474
648246
88354
997887
414575
290783
783451
841522
62147
238634
571959
472578
615499
165041
706275
468
633653
104905
731870
665581
281063
630454
869180
850956
571265
397850
460495
490029
920541
428163
452812
852385
448540
332560
534293
728121
195941
635746
290618
192294
537234
998297
681126
906319
380196
388629
738385
571230
631829
209924
823648
33019
61518
371479
229991
664057
179122
808136
761007
280999
114633
998816
894107
568423
230436
970160
403692
372208
643071
849790
332169
641050
852385
719732
14605
856402
903613
844516
912597
667474
133908
537115
47482
132865
137005
624576
284495
436556
469962
222031
445232
332941
488768
658803
919202
981962
876160
528745
667682
420365
154741
33011
227052
609031
785095
956322
937354
63484
364257
464140
793923
387353
941764
347488
167575
869180
568004
626105
962704
163999
861034
667284
107621
984160
64908
932423
646946
823384
729525
182248
174381
336498
651554
527298
68616
174381
284495
500334
401252
505254
426876
609578
384726
626105
41793
103466
227052
34112
59219
348613
758576
548484
1767
245876
332560
201864
251058
393565
597723
767525
137127
220435
17178
72892
369890
595021
997784
239193
951918
112546
672069
664057
926418
601855
959667
340547
159159
919202
697232
645633
812891
552882
433500
621224
168325
528745
686286
447996
488768
610248
983042
369825
492747
939356
754893
140534
686286
830591
290618
297750
30602
504313
910305
23391
533108
606859
823617
946215
579048
438770
760951
240492
101735
262103
996837
508464
975959
812679
379453
153561
264091
561098
177771
543617
239110
414632
127137
884195
18597
846095
672269
978599
510429
462788
916237
910225
692283
397897
61518
730752
578905
143385
544004
88354
625876
226103
351438
171454
413177
161684
619670
732130
233404
231545
649583
79056
154217
97930
301698
484161
82666
373046
491217
155328
755135
583746
532240
242457
345020
583746
839602
591057
846960
23021
970453
293779
856697
178653
711362
122299
978599
950479
8248
233404
766578
442366
290783
550718
170851
580289
195941
326168
281966
218525
503823
207932
823972
751197
740234
255928
667682
513783
452148
145373
276698
872497
607524
52143
160020
372293
133789
919699
403960
415171
540836
530369
341919
47482
681729
331139
997416
594995
633653
740591
653612
746753
784194
512798
996791
911091
587490
373767
278738
970501
694219
135228
337915
946597
33785
937354
304725
970731
926567
866764
773854
867893
301698
188028
134962
802775
764600
172583
358558
654035
161724
778675
852050
695389
980601
377464
791133
514473
806064
607524
739167
671166
722576
551545
530369
758960
431037
527298
594541
821961
112730
751521
407836
543617
447228
288355
732130
252225
703654
806465
754928
755135
951718
550718
830896
574153
222255
449627
675610
289109
290973
869361
665294
776679
668571
968328
500849
40887
341919
363261
906319
282407
786842
288693
123706
278738
606694
592638
573379
332941
227239
793556
739168
915199
337636
997784
310479
419404
674828
464256
481863
638023
135695
693903
952299
297347
599570
176953
758576
161393
956216
92710
362042
613066
693199
809511
910256
886654
947432
571265
64908
171454
42226
390513
755732
808829
287300
472037
880239
525180
907657
334594
115260
965865
952964
549327
612985
255963
866267
47929
825278
549615
288693
135228
506381
931958
310475
862590
494516
945376
118238
183326
765872
853390
322224
777613
976840
481828
725976
250602
194342
892418
697232
984311
87441
853390
965865
147615
424026
366396
30602
222031
774172
787003
435278
739261
997202
135228
926418
12006
286434
126448
62147
651113
98577
174737
686969
319421
25402
600831
464256
242231
348943
830197
187711
788623
646946
873809
64908
58075
609031
452056
883522
214357
210388
565406
292258
230436
173759
325795
918215
863927
793741
250298
243599
77806
760951
97307
110351
270081
304863
110144
287246
813586
606159
227703
340577
649922
364349
510074
963666
594541
944965
56190
919614
187711
628354
808610
438235
505101
3193
193936
479288
972741
143385
349816
473877
911643
533638
35179
59415
472578
200066
342428
571376
288141
628959
631949
506362
890702
610973
747906
578593
394175
432492
830896
220370
95692
921746
94179
767243
674828
95202
903223
645017
82666
894107
603775
315277
952964
896148
424318
387353
223953
413177
651146
325057
725192
449219
726999
866043
849790
526342
698293
500849
793326
222255
452034
108451
190414
185881
232697
755856
744346
547389
121998
102741
381827
366518
553813
923059
72034
707460
324627
478600
219121
740234
470523
195941
477046
893933
104194
17688
978599
482405
394860
682401
795154
613066
813586
362624
589183
445492
853409
553813
114633
906319
596264
481863
790249
831189
231545
996791
563890
122371
971334
744734
377809
785095
449048
956928
460495
403960
426210
956830
271976
146374
288693
799295
127782
858997
738654
57062
948157
415171
161684
95202
983640
374731
510232
589562
582284
21965
485446
216078
787964
881787
765107
315085
642542
296111
828006
984134
421392
58969
871548
270531
107621
174990
553996
201147
94179
721549
111598
314146
774303
993367
267872
793741
452118
941935
380196
374731
842447
317063
880239
733769
664057
209511
380196
61443
26487
631829
171454
298889
932549
775104
978268
199598
692001
526836
789462
596556
328558
393565
781316
317524
657122
135224
861475
805222
324627
82666
968328
571699
908574
569724
250696
957685
549700
714241
940906
245244
576280
254866
754565
390513
979512
313374
208089
979456
784194
261903
599570
378374
493531
513783
111245
926606
569369
287043
275762
23030
348393
927388
528696
113345
649194
463481
370299
330895
597867
158755
566170
16522
45857
236288
589562
384616
302919
297347
662321
123939
476938
786842
140534
740426
308302
945516
925180
863789
182650
92710
514442
960844
731870
174410
415171
379530
397914
68836
534293
101735
154217
687559
155245
207474
621394
595440
777211
552831
519241
771026
450780
757538
887383
443363
716730
789462
620016
293779
850956
281563
906319
664057
315277
447119
808610
853714
586596
917745
486631
571699
786842
103952
328558
811537
239193
944643
241531
658803
739649
707732
691163
753003
586839
209511
179263
550925
887383
42226
649922
555428
743499
869180
832196
164769
764787
875334
675691
174346
656583
62147
800796
980849
152294
773854
869312
77776
965171
451653
982865
110947
685076
574153
276494
453604
45270
642104
135224
160725
366778
401261
765107
376145
874918
120602
598941
242457
505101
912468
846095
172339
559894
55846
17173
154217
362624
199598
907658
295715
63937
432492
387136
353249
306060
707477
597723
306756
297347
883498
650107
187718
489519
217378
808610
769112
336947
449923
262425
656842
220243
197456
384057
771970
104194
662321
313752
866043
328558
207861
437309
754349
565406
651062
241266
966888
654035
35179
705255
398282
685900
483069
707351
589135
181334
674640
67009
328034
859243
581548
261726
150838
866043
543904
430698
195144
800899
849977
29842
498153
161322
21421
107603
35308
157707
788471
678329
673559
699143
882389
281966
624992
414575
938801
638835
214709
958588
696202
61518
685900
293500
765107
831021
347291
804089
294953
141579
442973
699049
755473
27876
621224
723944
285958
335128
824593
338700
16231
950479
137706
477046
281288
104194
242457
725976
57062
468886
206871
754893
882966
359709
141622
426388
223211
924203
243265
765107
262103
518307
76334
123797
234482
940906
395969
319165
958588
498153
666115
867195
547629
682938
543617
579860
468568
860747
268867
78439
369890
259441
18481
437210
358758
707497
242231
860747
164107
126634
646170
996791
950210
428086
283419
220686
194342
579348
890360
371765
359800
39083
675691
800280
701970
247586
336947
501197
619670
492747
902880
961969
372293
660589
586839
29692
278055
614342
654035
805001
821330
853714
887212
539415
499871
458761
933102
796269
798108
714997
825278
380008
18481
473877
522625
517889
379530
665542
634366
104194
219349
909170
777027
429400
866442
35783
270601
128440
930725
667474
289284
100524
981952
50006
288355
784216
130513
600195
788471
537881
505101
943812
121946
993011
843251
47482
936265
628354
507868
324041
926451
696139
777664
777664
182534
452812
839904
210388
223343
239110
670060
927578
604424
863194
130960
585109
504152
827981
1767
396417
161434
112546
171624
740365
100524
134962
887383
336702
226776
473417
956689
593024
585109
555428
530514
90583
653200
543289
471868
610973
839798
367879
278343
698293
158755
20476
190414
717602
954053
696202
97307
452118
94236
52143
427307
110994
226184
264091
654714
48352
158352
664606
266001
985836
822280
327014
668571
510429
979046
957077
419129
309823
767653
548093
503823
141622
798985
97125
182377
813885
23391
74946
139248
651272
777027
331139
91707
681600
562938
529006
422601
404266
748289
330973
806152
624382
493531
306479
104268
528023
672566
422109
198637
841972
661230
911414
141124
455439
362742
970501
540829
104268
966846
780660
904043
861586
938801
811924
45552
154217
351438
874918
913242
180544
247887
773854
91707
46031
247729
204737
111082
683187
347488
786842
781500
258828
962377
558468
328657
651113
810472
566083
421339
947391
618421
634796
51892
162134
510083
40183
773625
871280
331725
237783
280999
853171
188090
513360
139774
52221
319588
870107
944851
702283
278343
548741
378798
746481
448015
91070
871548
49314
390513
221547
551456
315277
818432
705973
582195
543904
320657
569506
579860
982837
362624
180052
67597
306479
214357
29842
902912
373710
370413
597096
966951
714997
802522
867609
265955
672478
258580
782444
787007
739261
577369
322224
767672
859788
585887
830591
986898
612985
573935
899490
707497
745791
17688
231452
87441
560364
624992
147786
727791
470523
183885
955178
586173
758576
438770
528023
391723
579348
298955
771800
991915
478043
489519
767243
448479
866442
238849
751213
836124
733976
646170
793550
874918
432492
674828
853171
571792
546975
604574
418473
889689
900425
511424
332941
925633
472296
455439
725976
393565
786842
92710
764787
1567
692283
220435
730752
569369
619670
890360
852385
456568
626799
645157
556882
638559
2551
732802
711936
35983
587393
18053
519867
155194
28341
288141
179122
76334
553451
778041
580455
108451
980601
242858
103801
226338
788445
403692
501521
444646
784034
400681
497245
811924
514473
397202
100313
214709
362742
462411
187704
384506
498507
480541
603125
131539
492172
931852
662255
63907
158722
214709
725192
754893
341154
100517
174146
359709
314071
395969
553813
507868
537881
827848
977784
605455
605745
897251
397202
716385
600116
528023
317524
15646
330895
997202
87050
260839
466000
355132
63937
755732
943472
961969
72892
768066
57003
882595
123706
954053
738068
18723
370144
974960
852050
802610
135513
360308
878748
237319
749976
470603
591281
175084
29794
46031
125101
557741
592638
505254
184871
146294
266349
516794
289252
778041
630516
200241
53420
951695
585320
540836
754022
984764
338264
963510
866062
447093
52984
401252
116143
32668
477895
422782
38678
624992
114250
537234
63421
499183
871293
649051
932316
483740
467640
591102
89144
950812
832065
651113
195839
968783
541818
790995
943472
722171
651964
962377
777613
591281
540829
531273
675036
141947
66715
337915
126448
44992
960837
404921
506493
431393
291142
900608
891189
394467
795588
603125
979996
875832
947220
915128
935963
170373
671978
891260
455795
21146
646780
508388
911026
433449
647257
256788
828668
796085
767451
589562
987664
987707
305722
500863
927578
898357
516040
728121
739261
434597
869805
161684
58969
675691
325974
970501
8012
922456
957617
437309
956322
243064
111325
620062
87441
715260
712089
705850
327106
45552
241208
411321
957669
825768
413827
745609
485588
68053
657292
432289
911921
442973
741575
37128
319588
163411
338700
672949
353249
579322
219349
223211
888078
893968
768066
918294
386168
652181
431393
807082
157327
915128
882389
821961
328856
165041
433609
973187
779903
227052
279156
587393
754565
494520
651113
796269
970372
923975
763309
807700
8012
571348
914553
298889
544004
704811
673812
270531
23452
176953
262103
23021
723983
871352
695389
468194
248846
187352
360308
97396
141622
438770
65953
303433
944643
220680
697729
871280
962499
551456
604485
737373
563890
986229
513768
236378
532815
811537
18481
971334
666818
751709
744734
956322
761158
381531
123797
323568
793923
255928
963972
571376
649051
376916
911091
650014
474078
57062
238070
778041
178250
304776
741021
20059
905492
139226
717700
723053
255521
683065
214242
158583
115875
90583
976698
341655
108451
226103
2818
727802
380008
910166
336947
137807
918568
928153
355303
328717
272318
794446
584418
191725
697037
202652
985948
340577
1922
960837
773633
951918
982718
676956
975349
247398
742553
650014
756679
334411
737373
214709
699912
410325
564885
808610
571265
782303
591520
239193
659336
565579
766680
247729
733465
515894
394467
371007
892418
354613
500798
993078
411321
557416
332682
147786
374731
842972
2595
571488
677537
790621
738385
362281
669032
645389
441356
287300
260839
551695
216875
866442
490806
89144
565577
47057
16522
516040
475107
360308
830137
222
892923
111082
946597
884195
297786
63857
35179
789062
935847
226184
953411
331725
197361
365212
132287
537727
179870
511424
496617
582195
433423
771272
29731
237562
701746
647257
184864
626799
580455
410325
103729
133789
275762
56750
157855
159664
829352
714817
910305
800796
560690
376145
684297
933754
107906
865879
506493
423979
610425
262754
778041
974585
550718
121871
297347
872159
366045
727802
338542
113345
892923
978268
710090
693163
986564
793550
936513
414487
721863
695389
214242
441356
876046
828668
271673
740591
918568
247586
121946
476376
582219
115920
997202
810472
256788
29842
335784
337915
592761
686969
823972
326332
614432
810838
977784
208524
473877
672478
967706
663531
107906
198637
730594
331932
29692
574153
657217
845046
757538
726628
737967
509287
301646
268026
44492
214242
828668
384726
724903
426734
429400
117895
348393
143146
555264
745609
151268
30602
977784
217378
174346
934933
550211
981962
468
731230
284521
194205
806064
946597
715260
414632
758794
910850
940960
294913
180323
360308
880797
51021
626036
817041
275762
347291
642892
229749
279156
649583
914553
293779
993367
562651
845297
238849
556882
871411
80646
431468
844244
434775
537234
756614
819711
552445
584830
345005
315085
963506
811852
294735
740558
231452
765107
545871
233998
719021
15646
141649
598919
808200
586596
689424
941935
895699
939637
992868
418473
468194
42226
343818
996828
259909
516794
913909
960817
301825
127137
955345
935592
174346
741216
966888
206425
817041
154217
729360
802775
214242
847982
936513
651113
573612
485446
433609
494516
729360
799295
949931
612059
841972
761007
193157
451604
719732
191672
780660
386539
376916
76334
586350
701947
363238
360955
748949
666818
206425
97930
223211
540829
195925
581548
444646
401261
114316
923119
657122
346009
210388
794310
845692
666351
167878
721501
700021
961969
842318
935394
943812
906324
17522
839183
507126
992678
289523
197361
274332
806465
782839
357845
529994
433193
14870
416098
602314
450469
710605
477895
754893
483069
521618
138139
299727
918567
113345
693163
384616
47057
175084
673108
462788
351045
661230
5976
449682
220686
656842
358608
14870
533875
191672
573202
138470
220754
94769
536861
170048
55733
941764
891189
185803
82143
678770
386539
506676
987664
748008
549328
419404
205476
69475
284431
507402
756137
244804
52532
572278
327853
712010
195839
682961
37820
150369
813517
448075
307145
927578
46720
960817
155245
722754
272890
768784
720099
754134
957617
198838
744346
956667
79056
476617
614654
798426
90583
22134
317063
681729
658803
658591
123757
549328
711362
398959
144941
923975
464256
449682
655592
447711
547577
970412
421339
328657
357845
845692
373171
310099
959667
630454
500540
952299
560690
891699
448540
699912
24593
842731
239193
195112
541962
825340
493808
668571
573021
842972
840159
171454
537729
852050
397254
750108
521198
902176
63937
825278
720385
194205
310099
599295
314422
622575
521255
303448
830705
426210
319294
652386
833508
687802
674233
505101
350617
310099
541962
268725
229733
601365
740017
866062
811537
890657
567701
2236
965865
181334
874199
871548
696994
303448
953306
621265
63857
810318
659286
596820
533108
669613
826311
744346
324041
911618
132287
739167
468
397254
490806
482405
318275
863464
853714
884757
11042
528826
35308
267483
29731
915199
161724
642026
174146
252607
562830
366079
594541
394701
753923
975349
824912
8248
45857
706970
571959
720099
245876
757009
222
97307
697037
557355
716730
936513
29731
188907
350126
781730
483069
606159
631060
220435
273247
31987
919699
353249
524069
185701
15194
793550
346105
755135
970731
40077
32527
152096
286870
98423
617991
481863
714817
685076
860617
1567
30820
43890
849937
397897
97396
509987
916237
902880
629986
667385
425249
99484
645017
761587
634090
290089
446114
97962
977588
785299
671978
634879
958588
553813
414487
911921
646780
646189
317524
195311
24041
155328
662938
875956
601514
184469
571291
558904
993009
767525
676008
741575
652181
120602
400965
273016
653647
68042
357703
677303
733872
10526
52221
52221
909853
427390
321777
228562
132287
495364
178222
418473
924203
926159
438292
513783
920541
184613
308781
587393
184876
383552
763
172658
562830
195160
433423
883522
246205
468
739786
567701
869361
232024
813432
868379
40887
591520
99484
960827
911529
976260
972247
822280
220435
772643
600831
513360
170373
70699
424377
511819
525810
135249
972741
447093
927388
256799
687464
812323
843251
17688
338279
68053
788873
739786
731965
595900
77806
493808
154741
180544
833674
200190
168324
318555
500863
506433
468568
571230
925852
800274
975202
643520
956208
748427
789062
63727
733769
282323
999599
824912
330973
929478
254955
728025
934669
475343
401252
859218
260696
938659
30941
812327
324570
665542
639847
574153
97962
21146
919699
856402
748289
881787
537629
947220
282977
593403
81126
520318
614304
62147
433430
843251
556541
93105
4015
893933
554254
839604
96089
1567
738970
519241
213176
415171
574153
247887
85562
578593
700895
273111
97307
572278
337915
991001
50664
847632
335088
867976
763001
166907
275971
286418
838394
842124
888078
312680
784034
523539
280999
30449
973184
96089
23391
447711
230436
454165
171454
790249
342121
396201
911091
152747
697077
526265
667714
707497
970280
748511
518321
286870
2818
97224
562938
885285
90160
559791
660589
93004
286986
587490
397850
535011
783022
682937
712010
844245
885999
571348
429400
122371
103286
897251
299103
988583
470235
976016
710166
663531
494520
963046
832065
238849
705850
571488
766680
842857
446114
571376
29731
319421
338700
607524
890657
740818
270014
53895
16126
533518
596041
433449
606298
319294
17688
558960
998396
338700
968328
800280
287730
980872
233063
354012
304588
519170
907658
523539
101528
97396
393004
538881
141649
474078
576280
984160
371479
388439
931958
753933
333570
124590
44432
264091
855472
659336
645633
270057
648246
552831
308984
518099
18597
626782
373171
160020
800240
313075
983352
144194
581028
445196
880797
193936
900425
604538
959875
562938
682961
333559
433500
664570
200974
411599
8811
339907
259909
758960
297210
573513
466000
402132
622896
696139
961006
169312
249368
748086
552831
755135
472037
219980
319497
235383
27853
65912
47706
950788
947728
245210
338318
476617
459409
671939
13483
452148
605745
308557
662421
896849
217286
210128
957078
780186
787212
217378
282870
872159
651439
29692
714241
164769
159159
292258
321777
513847
982474
152716
264091
682700
472296
267547
204737
433500
541091
252890
526836
757752
744724
173661
721549
121871
657217
480512
988073
768777
581613
409127
882389
649922
448540
516040
951560
389797
969873
332560
224238
599570
597867
33019
863789
969524
434597
997484
766680
897555
590368
66238
839602
45966
545437
894107
645389
911485
727802
50192
340547
844936
1463
566921
457100
494516
133125
248902
141649
370952
519302
650107
382917
536289
3644
821399
805594
697232
363955
590348
262425
700021
215633
801066
474505
980554
324627
852984
853390
997784
31240
849977
534176
917745
530205
800899
187201
680777
67794
599295
558904
820823
479979
100005
755950
442973
955495
499824
606159
796085
346105
503548
212982
589095
147551
150093
457835
769593
943812
1922
834398
726199
818915
388629
958844
191059
64856
610248
545983
956675
560690
593024
794396
180323
561098
184876
938037
410517
631022
131132
445531
129838
242940
554471
730463
534350
3193
362281
661292
388439
357383
51082
922690
290371
245696
625952
837032
997202
625876
140533
47057
901882
777664
380196
868379
830590
911414
646946
481863
68836
453752
846417
286050
223864
423979
796085
939637
296723
46720
35179
539048
782009
427440
737580
778565
806152
824652
363238
179978
857901
729077
87441
223343
348943
432515
250298
892386
445196
946959
361838
444646
978599
683674
298622
761007
66779
123856
23452
364769
923119
632639
775414
358608
441593
656596
947220
777900
786842
798725
159408
869235
675691
21191
254955
754022
980601
797746
375149
882595
957791
293779
432492
876046
571265
286050
460561
754022
800240
700142
796085
907641
925633
968783
620016
53895
599027
838447
448717
77108
419691
228562
191708
613041
845811
548298
792097
421803
822295
628102
981063
868379
905082
538393
777682
853714
328717
166346
494520
180323
651146
669501
934267
414632
498507
39229
340368
669611
181988
250519
840701
72034
619226
812121
433193
489006
135512
713052
326332
262918
616084
145612
240597
659336
721827
844779
614432
554254
530770
998711
218002
631022
385634
718979
195160
532765
665229
347291
660589
947432
348761
216781
768851
651062
394718
812891
389797
707497
599570
947432
696881
213761
232024
510422
39083
424640
367805
68537
665144
548484
94179
206417
867928
397914
573835
808904
707732
955178
450780
253178
333824
226103
986898
387665
67789
672382
20850
966846
122299
968246
957077
328079
459409
100005
270057
852050
413481
828395
641050
319421
958588
408883
111325
507048
521618
939654
27377
195925
144434
859620
944851
299184
755732
194008
354613
746481
77108
461170
794310
450469
842237
945390
803135
984764
487253
155328
284431
706497
835587
675489
374961
743499
374024
115875
137694
912524
792741
546022
638964
305469
941765
416165
94657
599769
785095
232397
355903
988413
18898
406441
594944
262754
164939
98577
421803
68616
539415
622720
433042
528013
723053
883498
756157
275764
983640
691023
978850
778675
393191
316521
796186
737161
766680
187352
208061
603125
613041
252512
509287
767525
50664
247216
70699
692942
686286
953411
729077
800280
932316
683065
913087
606723
625876
385096
304863
117092
987707
682937
537727
2551
790751
39083
302371
11042
717684
250660
437164
107906
538592
5376
478600
346415
651272
644184
37525
869235
196027
259441
828827
475107
549099
769593
564738
48518
420365
535011
895110
573021
201554
808610
347291
630516
103952
243094
733004
746753
411789
748887
967911
892653
777682
179026
518582
186299
800280
707700
47259
291142
438539
245587
441475
209545
359800
600116
103286
150090
416339
470523
362624
921024
670654
549327
913593
521198
120602
750964
61302
193965
294501
641205
220754
868379
126634
855035
433500
290371
210182
607159
77806
511895
87441
321688
560690
158778
621394
956469
315085
812121
3644
638023
93105
486617
132589
739167
354001
442681
820865
545628
745723
998938
171754
499137
728025
293904
500407
686969
247139
146374
18567
141649
550665
511419
295154
319165
237783
445232
595900
816205
682123
915776
11377
431251
525787
607459
348174
829784
455795
894107
937982
879357
192770
295179
616142
945390
731965
346227
450995
394718
866043
293223
336947
865219
895611
934933
643071
620016
506482
90753
34112
122299
68836
79467
678272
798108
476938
818022
793211
271218
134913
147310
664516
890702
681600
866764
896344
197456
56190
194074
844245
925852
944741
526824
518382
264797
940960
563467
992872
149447
502437
796085
180052
261703
41649
891882
211964
652729
881787
840017
649194
778419
400334
346009
241210
513652
356422
144966
478860
511419
261844
332682
480034
577340
616660
10283
761158
137127
868379
839588
471289
80938
329603
680211
637092
136627
825340
500181
515559
758960
748949
416915
210388
265318
247139
533044
958354
468568
918568
656604
150838
976260
629254
497938
417152
246463
859218
494127
533875
177897
839604
810838
527298
87596
730463
436556
334411
273111
998531
130438
432289
781316
666786
4366
45073
770090
91070
974960
811440
397254
14605
541366
575018
366518
792867
20448
601514
250519
329603
153709
664057
561491
435278
803135
430386
437164
761176
882393
490029
448202
687802
657140
517722
934267
147786
506782
769331
728503
477895
189183
603479
80938
166995
358758
646756
44582
656596
38941
859191
724903
450469
448450
183735
689663
247216
416339
168202
907641
808004
714364
32060
348613
49314
344821
826457
866954
856697
477046
660809
51082
475343
357383
825364
808707
941765
967932
637092
976260
257126
872745
429673
535011
20059
114250
867195
151356
902426
204737
883522
393042
669075
167262
733004
236378
639255
887540
827848
354416
242914
847235
639255
370377
622564
831683
433449
91070
162938
276698
657116
541818
192175
304588
62187
558098
441241
172339
260422
646189
324266
179942
448745
174410
755732
201864
72605
353697
754022
904043
136680
547237
549632
318768
347960
63002
648091
491217
639840
36070
195160
961872
107906
531957
518344
779077
248614
695389
469962
646797
700895
693199
865791
292434
984160
40024
32060
739872
280999
6223
7763
33785
448717
937023
48518
20476
782745
756157
754893
175594
299103
456091
619670
447119
895866
959251
668571
4443
225044
716730
97930
86498
379453
231138
744261
672949
808068
626782
708805
290974
81682
686286
957919
551695
741794
155839
118238
791133
633157
152294
996896
38971
23054
675610
932316
203451
790751
947302
337636
592761
475343
291142
511484
691008
910132
567227
945547
66779
652181
431251
773854
743499
251737
148347
23673
549700
675036
464256
394718
322224
878850
872859
122299
709560
231545
38941
672478
330973
684478
637830
372993
590943
366479
208024
259324
103801
157037
104534
269124
340368
207932
84610
547400
791680
901472
728503
506782
532815
941125
166694
431393
742394
150090
610425
530205
163411
677654
15600
680593
493851
649583
586596
585859
408883
297672
799295
825768
733092
172339
229733
231452
193936
100280
400454
694219
709743
193854
419996
924390
287730
660647
996561
139973
116074
940392
164107
637830
896148
657334
505242
401127
569293
773633
514518
170165
643520
201682
404921
462788
335088
111897
189081
100517
433423
144941
201147
669613
852050
293223
102487
386113
608063
141842
439978
612099
967911
236214
595900
978268
681126
149945
671978
910305
206871
476617
410517
365212
500406
772866
396247
447119
476617
131033
481506
467533
547139
790621
675037
559035
282323
594239
534857
565957
313374
310099
573858
801859
800831
62356
667474
549328
226184
876160
511895
46837
599769
500849
524768
87227
95692
416339
911026
30974
391693
233110
198003
3644
111897
365900
245210
234047
890702
678770
410517
442745
230618
958354
135224
939448
394718
795154
64856
710605
572278
166027
970628
790689
318555
987535
350446
338674
370299
937982
494440
94431
262425
275971
864699
972176
700868
510429
358300
326168
531905
897693
802176
597443
631829
684522
673186
118241
710090
863194
838652
684592
547400
866526
733543
876160
754022
248227
539626
456568
282870
771970
813443
939379
5024
578905
100899
321549
944643
552882
379453
200928
325057
388891
356162
605546
310426
95548
516219
983618
505101
452833
90767
858447
473813
394498
548741
612099
538882
522200
158583
174381
890674
6432
772143
997416
193854
786289
838636
656288
853714
63937
613823
27303
266891
598980
894739
646110
500798
827981
934669
669075
720974
16231
298889
124665
270081
739872
248068
448045
559427
145499
673108
25073
308302
605546
755135
634366
579789
84610
50829
18597
648091
663671
848133
820128
740558
709743
621394
828668
888078
592761
435620
490029
160617
131516
182534
73590
839604
39127
302705
946212
118985
992678
872745
826288
490128
866062
189617
684522
666960
991174
442908
121451
32668
418473
345808
50006
786809
478043
317141
271976
979996
497963
314422
844082
565957
947032
497245
305850
231143
372208
954347
54761
46383
45073
366045
255295
141731
936207
433500
84304
782444
222491
433430
547389
621388
895611
771958
706497
924203
549328
244804
128090
954347
320554
647894
847632
582430
144249
175935
722576
163292
598941
48864
152090
872745
900460
638835
639121
207474
86375
2682
833732
771872
591714
245780
258431
960607
124590
289252
631624
299184
867893
231663
840862
970147
452157
793211
684849
800899
380382
999599
532240
67789
499683
18898
654714
539087
525180
687802
316616
101528
685667
843773
216781
50192
404306
355741
444771
684849
17173
689435
986411
482405
516794
296723
172658
376916
589562
346009
622575
752069
155839
871197
460508
372208
777627
517722
563890
537727
701482
721773
837270
408495
198868
595900
362508
335360
468194
32869
521198
249604
580322
415171
2551
320251
966483
226294
302371
110994
416098
247139
1126
825175
456091
657292
564868
38206
570810
998297
413374
597154
846484
894739
165202
353235
871007
438235
241266
764593
131679
361892
364257
546646
516363
779077
204174
164865
190072
366518
310795
479979
115260
313027
82817
887564
462788
123566
956689
423772
923059
451347
372478
861475
706275
351341
448745
715260
451003
493012
218525
267229
390895
250602
163647
7763
974044
199145
149945
616660
968204
651960
812679
377867
30941
68584
842147
853010
359709
197361
875832
234502
471263
732715
487991
42683
537234
54288
556049
555428
101528
978117
397254
261150
624625
867195
284426
366045
289252
792741
835246
214499
106050
692539
913909
927335
705776
614304
519170
480819
539048
595265
325939
545871
254955
682937
806064
293500
234680
226103
532795
794446
2682
539415
318397
132191
295154
952980
354658
475082
369890
867976
525553
664928
331038
447119
21965
75735
115563
425249
409091
82143
229364
846095
117127
795546
538882
421126
911026
941221
150984
321549
584830
251099
446137
677412
394467
877451
684592
452118
253891
350281
54077
38678
731965
139627
84610
146754
896604
651960
63937
923975
212350
883522
605375
829784
975359
249185
441011
285777
621027
577325
913716
919699
538051
922456
47899
766688
59219
146294
997784
326332
426177
81906
859788
236285
179978
537729
847235
264303
323568
101652
157707
500540
141124
684592
649736
414632
472037
199145
892968
480819
668245
769675
650014
362920
179978
760951
124590
617325
559035
861564
253891
575018
973494
821330
454018
799261
108903
824593
185708
918206
154862
892453
1567
414207
289421
793852
234502
247883
939399
836084
84864
752851
639840
40183
261466
472475
481267
564885
327407
343818
179978
538592
527261
977827
972211
454165
772594
728371
589546
165703
700895
376454
661041
918567
305253
514442
557741
126375
37592
274332
885302
187704
280999
827858
320150
582195
269031
767978
311082
778419
966888
325057
651272
347544
982974
965132
566170
72650
250660
727718
685885
679579
293500
903242
798182
529566
437309
740365
13483
542780
19600
24946
293779
631383
287915
957669
873177
442973
986503
340324
902176
273247
663849
91428
725976
756157
132191
763001
960849
619931
259615
988904
54183
729227
510422
902880
139248
511419
335360
767451
406053
729206
147615
999599
17688
803046
334411
855278
659488
864699
8811
839798
689435
173107
38026
234680
491395
624992
193965
239812
637092
294913
500540
152788
950647
620365
796186
642542
14148
254448
578445
163141
902912
620062
209823
844820
500199
2212
71412
174381
425152
757378
18481
336834
132589
315277
712010
341919
434775
155788
455057
139544
52118
883212
932316
382917
447228
778419
61268
307145
613844
240597
660589
262425
947728
91070
835246
168202
318275
696139
609471
284431
281938
535011
183326
60691
684592
174339
688034
689408
51443
202939
360458
270601
137519
1567
867166
359847
941935
672382
916237
294315
310050
777627
735549
126502
483530
407836
739872
131122
534951
557741
863108
796085
325795
595265
913087
70699
33740
665229
212081
544004
581720
761773
145373
315085
451072
257486
799295
838946
477743
110729
655236
748008
765549
175084
84994
5024
94431
911921
806503
973571
684507
416057
981952
196551
818905
539626
124590
389515
132442
595900
24183
753095
76334
208061
779903
410356
8012
61709
450366
152660
874665
853171
42857
250834
679402
592638
871007
485588
220442
554471
860617
768066
115260
290618
883212
338086
489919
473427
956334
654818
98470
347291
742603
972674
57703
141622
178314
585375
923274
539048
210182
154715
441023
448270
571699
801066
765869
60949
733538
19303
975762
707384
351355
512798
717387
232770
108451
409907
532843
217861
125139
121946
289284
314526
756137
543022
450995
867190
579348
560312
901478
23452
609257
601573
449682
353183
146480
535330
18567
21965
978731
236608
786842
887212
646946
633781
945231
811417
993011
607077
52984
938829
5083
1724
492747
641711
186438
617325
624992
1922
786208
179026
268725
899298
541818
771761
169470
11042
940960
596096
720385
61518
558960
855035
938001
894974
93632
665542
450849
566375
781857
455658
837032
24041
222437
425249
650014
893751
513768
448287
84994
777211
726199
649433
557416
966951
941221
633410
743532
381810
294510
740750
310426
754134
713376
730752
896604
87966
527298
586261
699143
422221
555428
755056
982974
541152
938915
97307
123856
255295
39613
387136
348393
746984
229372
926880
699691
376878
761108
960844
140609
353932
586425
600288
61302
61518
298686
55610
39430
704969
856810
333397
800796
152747
913989
876046
965221
902005
470470
863194
131132
324041
376878
837474
409273
447538
938915
777613
531957
607721
672576
16231
456745
970628
684507
388475
451653
460561
301646
657349
333397
844820
168163
19600
197624
400146
147448
932549
130960
345020
652181
147448
151706
510752
993367
411405
402914
713842
54183
651554
512885
822295
374838
730141
712089
251737
679569
968204
108535
394718
400965
370076
211738
205543
549615
761007
119970
707732
338498
896148
433500
873029
676564
889950
621863
254448
529994
605546
998531
575286
130513
510752
852291
177328
250196
847418
573382
192294
849937
593107
192294
248068
787808
519170
194581
849937
500334
14148
885999
781730
8248
529756
665542
720590
722098
426876
30820
290555
588309
911181
976016
403567
59572
488055
423979
207629
744734
207159
925987
531957
697625
455930
51443
773854
129626
55672
780893
348186
8431
999609
922690
996281
248664
187704
988583
911662
185095
462788
391693
193854
642858
335360
850848
448270
685667
597443
723532
205161
365900
42857
290371
800371
160083
579616
333570
121765
679579
663849
396247
39083
714504
241994
336496
401979
15230
351793
391693
455658
175594
672557
52532
270287
652470
462293
118595
699570
932549
534147
546646
30558
8012
416915
157264
140187
58888
282696
298921
167946
80708
602124
805449
890508
709743
147308
933985
318397
978712
902426
128764
533518
877451
348943
200425
437957
918568
363242
188261
730530
844820
913242
162938
956675
507048
573382
43845
128090
684507
8295
767467
927728
313027
422565
110729
506482
347288
229641
823742
475862
37525
877445
136357
38941
426899
39083
861563
119386
592934
964769
973187
155387
397897
677269
385634
473277
15345
767837
811924
913989
406411
583992
319588
674380
669533
282778
347488
899794
705985
843233
459664
969492
416844
448450
969035
897717
830613
710166
577369
767837
529566
524345
209924
68755
962527
867904
833674
482647
127782
317141
986564
658583
92529
284431
152596
461300
869700
672566
532037
940594
119970
921658
267483
124806
884195
154715
914553
295848
547400
791680
32827
271435
491395
955295
539415
309823
196501
410517
960844
664714
558468
656288
221364
620825
934831
76543
98566
250298
677553
521229
442745
786903
332510
130597
409907
61308
163276
788312
790870
182377
426533
516181
505462
327062
682401
154217
172658
384033
85677
659368
290621
305204
855406
311755
176894
376878
460048
939448
141731
608063
497532
897838
873317
282977
396247
666351
820146
18080
647257
971333
516203
942367
496617
481267
797562
907870
62862
798928
229641
306635
727791
956667
30347
862023
419190
399606
234680
794446
756027
348984
714231
20256
60949
119842
270211
986564
227703
675037
481798
453604
328558
871548
779077
974257
579860
321549
993001
196047
357701
155387
782745
648971
827848
658318
640097
90583
328657
227052
1126
369890
607077
582035
589294
397202
216173
252607
458985
550089
953000
449842
65742
810427
250519
863765
869248
907657
320484
103952
397974
385634
987923
908233
208573
783022
628959
811924
802176
325745
245780
933985
604538
675489
910305
982718
379094
54288
940392
742603
553996
510120
586839
46497
720122
938862
875512
205373
413177
75647
912647
709423
534293
603125
447512
821424
447538
258304
270211
306756
258454
304863
725976
315280
450181
679402
48424
532075
100580
117798
977208
813578
703523
484734
633157
660589
918294
226142
811852
646946
175594
730976
179606
22335
902868
828308
667237
741735
4015
99466
8157
362742
699652
597154
90812
732280
966483
796606
742394
468553
912750
249840
333749
641779
94478
904974
470470
116776
294842
849747
749884
697625
96527
867166
321192
915776
222437
933985
855472
290555
970160
928153
201614
207186
469962
465432
428418
259546
955943
354416
342024
524768
306479
872859
8295
245780
728639
971147
338542
330895
347960
332682
118084
121451
576414
796042
89675
687263
851544
912468
695389
555981
863719
27029
142762
464526
537629
528509
793654
504927
657334
31987
1922
229749
551760
328034
664803
292403
554735
547389
14067
879900
350446
986229
876348
169312
512798
264944
971333
21481
998297
833189
855123
638559
163999
487657
524105
45228
563890
721501
694226
288291
338264
222491
722754
531593
579789
545871
823621
249042
885004
331038
62187
350317
333397
239743
582525
319588
983415
517889
869235
751213
557193
107906
511704
402914
479654
200695
54183
470603
98566
856969
186438
353235
149945
506482
947220
651554
504313
777211
913593
301825
38601
796606
726511
656604
698642
376916
282407
953411
51839
97125
893849
155452
524109
260118
695973
319265
962348
50712
597291
584792
700895
704811
152741
476911
155328
535330
112730
906319
451646
249885
373777
986564
713144
567227
251044
496056
285393
252890
390725
34199
227328
741586
470368
684297
262918
717602
489919
546646
586261
123939
781500
279758
869361
205543
8932
846670
295139
642542
789062
426899
100280
747079
532805
502052
571376
222818
361450
227962
196047
195033
151634
298901
121687
242858
118244
654818
452118
254178
504313
596658
666843
19303
139248
68042
535058
915567
325310
901275
718545
471868
279370
5266
374961
505264
976665
305083
827848
240492
747044
647900
310479
935847
731991
433561
597154
504332
833508
656332
648082
216627
250964
325733
140609
447711
991029
454165
780179
551760
133789
499209
46497
478860
447538
412003
426734
780586
110947
974257
290973
727791
227259
210182
63484
798778
152752
413177
574153
154659
782042
451646
330020
55610
25402
800240
227732
570581
977104
787513
450469
284431
637481
411028
817041
947288
808829
954265
119891
927728
846417
743420
279758
463620
500334
307993
17178
511424
996281
206912
959667
975656
329424
527917
16522
918063
358322
76572
676008
849977
80938
240094
776388
150331
258580
2682
91268
890949
827078
782042
761736
99484
19749
821330
779492
325310
828827
808068
991519
413953
290371
513385
123856
469962
721357
95916
970423
881787
772866
624625
317524
270211
387241
946240
264091
108451
437309
406411
871548
709560
409273
420030
744893
222031
767471
848206
577369
208061
837483
198838
404306
677286
459022
199895
528826
891260
162938
442324
110994
684522
140609
447512
123939
670654
555109
739167
830590
9845
916361
345005
666255
585320
41446
452034
30449
602314
384550
294842
211964
171725
353249
185881
295179
584418
894526
244804
794310
276906
284521
366079
939399
241208
961425
714829
351026
698293
744592
783022
387665
430698
828395
14605
273247
460495
281288
508464
262548
350487
571265
513662
312034
948322
596658
488419
959251
183714
338700
964253
723944
471528
86523
30959
192419
726628
969035
751774
370413
742579
684006
214952
333824
557030
485446
937354
474334
776164
788729
203865
198637
164865
351121
272365
911618
971525
820554
831661
825278
991174
404997
322883
582766
666351
395859
707460
656596
911181
708026
112819
844708
726199
840159
193936
314869
331139
689027
634334
754928
389390
240597
144875
610973
542780
795154
965308
510885
672069
4398
640603
615720
452833
867976
163961
108903
175084
417152
452034
327514
449682
619600
756157
351300
301646
999843
937354
799126
660765
191311
527633
157327
144081
503548
550448
607524
348761
525244
924390
154257
534951
100108
614274
811731
146612
754565
811003
30395
428634
15230
621388
7212
135224
363672
435920
993009
260209
824725
297360
189713
609878
310523
677858
30110
333824
85780
806152
228562
176382
147786
777683
499137
324041
534147
785512
440200
509987
607721
227239
230467
29687
669613
525440
102636
368577
810838
235361
319093
706346
410325
739649
521752
667385
604538
624201
429673
404997
694050
191494
691008
138158
264570
655145
412865
77776
578550
469881
528168
229733
236285
998049
485447
297750
21380
587489
355647
813778
186181
22335
624382
63443
196047
172364
762675
622060
975870
851738
259658
783776
983415
167725
266279
393565
967911
569782
549181
742064
209511
331932
790249
558804
166907
21918
319265
637830
667284
188809
59415
612059
334200
792
351242
528013
335360
971525
626105
861922
707700
23765
506782
631624
309910
195311
384057
886137
956689
93105
836770
805449
800831
180752
789816
170901
507126
756679
81205
23030
285615
542485
268160
597443
612865
651146
963506
31163
459225
177992
221086
309910
785285
333575
47706
125554
655228
290214
7212
812121
617987
181988
3644
240094
527298
885999
950210
527852
224238
91707
787204
23541
946212
127885
671166
877863
648052
30110
54320
251854
868379
496056
233215
978071
573513
606852
78336
651960
950479
512946
246935
372797
366861
668847
836084
494357
806096
868431
261280
480990
270869
427942
275762
53797
649305
788873
854108
87441
935112
614654
842447
797562
23054
282857
635373
637481
582072
993897
313202
481381
239193
261992
235473
934669
903732
370175
209823
986503
168435
956667
64160
224221
554735
210249
551908
58739
875273
548093
764528
956322
539087
849977
456780
322725
325787
473828
385759
884569
450260
569782
20850
214952
668191
478043
909663
789816
214709
554177
471868
124178
800796
288291
546926
154265
479963
692539
137959
62147
760136
194342
867928
496560
60895
733538
692751
488768
373631
224611
703523
825156
236137
649922
716199
955345
918063
977827
975762
190072
785285
267684
497605
662255
472037
700868
418248
262118
131132
819383
354658
202292
370076
48160
921150
447228
503936
705674
34081
538051
144843
558468
357827
720970
172658
676640
860747
664606
810472
187378
264303
582405
208024
180752
617247
786462
561491
746481
483069
383346
883498
828841
42824
631597
806236
379530
907870
194008
263800
138762
338542
906677
993218
585788
671978
825340
216568
655996
818132
987923
977886
913989
760951
728090
952964
746677
921024
266279
10513
651235
325974
903205
314858
35820
882389
122340
569929
294016
889689
766977
912468
422109
518597
245138
75037
207629
298566
488879
48518
976665
832857
859827
895175
834997
855406
571569
709560
130597
220370
790995
509100
543561
624214
987923
200928
686819
231138
681600
415891
227600
648273
899136
751652
339907
867893
25402
916988
79825
530514
515004
415171
194342
507402
2682
695911
131539
146754
112819
853171
853714
117916
449627
300617
957700
968328
116048
143641
472802
144490
203269
546646
637428
393304
372142
616084
394467
898152
473427
29687
43621
469960
494823
518923
771872
315477
683952
976260
228437
809112
227239
624510
133125
382801
129652
675691
165213
122794
967644
591102
193555
534293
249936
193936
907658
493808
813931
806433
604485
928334
264091
646110
773625
458774
646756
845346
443778
246935
571533
435817
672244
807077
617991
508551
965019
579290
225088
413374
88280
111598
261895
389365
686143
229749
358300
535011
87441
373983
506242
508065
795297
601184
70699
535886
638771
71416
792867
768319
723450
245542
292266
925180
179942
145938
697232
811852
196126
543617
785095
437309
32827
493904
544250
86523
740234
18481
579348
264091
712010
955235
804241
585824
844708
114831
235795
161684
475082
202292
217286
451347
570459
833709
775054
73177
542932
666433
360458
409032
705645
850816
665666
807077
625932
279381
416915
260146
941764
585320
631949
760614
366861
768777
294843
713376
628959
544119
806303
957500
757378
541059
326473
199680
494357
214357
635076
100899
599295
884569
849788
459022
825156
339060
982974
393441
811852
832137
260118
910225
168933
940314
908014
638102
310099
66238
579377
284521
6203
631624
832857
591626
842721
171441
147310
914291
50584
486797
916964
436556
572525
779563
664676
877366
546975
811440
213862
939395
7585
667474
226142
409802
301646
603812
47929
729077
625103
801528
565794
187352
338279
771272
617991
200425
446114
601184
482405
276307
33720
756050
504999
520318
308984
289523
833050
429574
642914
245818
786733
861437
209823
655423
1402
4144
979351
309013
782267
604223
348393
287730
514473
546022
108903
852984
223953
229046
411321
404306
343396
224611
259658
39639
63379
379796
359842
452365
510139
737622
155356
239701
818915
373184
646946
95675
451347
24946
351121
362613
172993
198309
480819
637725
967191
796904
733543
66012
887904
922843
319822
447538
515720
799709
14795
414575
705645
733752
50006
140811
124593
580983
424377
290618
948157
144249
340950
559773
664803
350617
571745
605546
497375
453752
422221
596260
446539
911618
912597
494111
800280
147308
567701
160955
774876
911026
715807
677654
544730
684297
342516
871197
932316
37525
977999
500212
611751
898408
542596
229749
579048
770491
747044
524075
572278
947048
304776
962988
245780
651235
21146
956334
876471
626799
788623
153148
194581
359119
906009
653895
787007
637830
473828
189617
114250
202695
649163
757228
360955
766680
459409
240553
594615
470033
824912
706048
208024
251890
430533
58075
186751
631597
144805
338700
298566
25942
192294
716777
86503
910850
521618
609257
533685
24038
294315
929735
831665
609578
561526
407601
633453
217286
339853
431251
363271
505101
230618
103171
115655
369890
372993
217812
979456
512946
715807
297508
323568
953411
385768
118985
593462
824912
709841
777211
361450
182968
318310
108535
602124
289284
72650
836124
875956
964769
314554
561647
795546
280154
101692
579377
453604
720385
784194
174410
185796
852104
449617
98600
769843
996845
511424
172243
56958
201808
777594
268725
297508
468471
533518
228121
171497
659336
626036
186085
791969
500334
290089
505242
939448
896521
213176
155739
340950
694226
473279
267952
478300
883728
409907
299103
849819
530770
507327
492179
306101
789172
514442
583720
374383
40887
254085
625952
60711
243862
188028
934267
310885
849788
768646
148347
558804
245587
726107
681052
916237
608733
747079
302510
85704
501197
901032
353969
71013
299559
296111
148633
83086
815535
422673
477599
168202
146754
769950
179436
600288
982837
674640
727718
844244
639255
158352
934708
356132
982718
728503
38284
262118
528745
238166
883728
589294
652689
267968
436556
421392
580864
406045
843468
475107
420812
599278
558377
177328
581332
141579
783776
98823
92001
674380
38915
144081
939448
658803
541059
754794
560312
456569
359378
435817
608548
40077
385759
147720
978392
580946
13483
746719
111722
134640
621863
768692
622410
155739
844820
838447
654359
826069
80708
671978
785819
778041
895611
682904
840701
524069
250626
579143
329603
297840
877366
977104
24038
327785
178131
488419
352680
221364
819711
305514
596096
412902
262754
20324
232770
712590
532805
415952
975202
554209
16522
823972
247216
67497
933474
958840
25402
766382
150809
777682
506482
240863
667845
126502
419996
260118
678663
975308
586316
331139
286876
377464
104137
89627
979046
949778
646517
961403
726511
865918
622121
753095
796186
24238
631022
26910
5266
179122
875956
833050
657116
47929
790692
181603
790585
171624
796904
592934
197456
483740
757752
754893
808610
766680
916237
207772
667845
857742
749795
161713
85384
27876
460809
406804
247883
332941
716255
537994
372142
248868
829352
143641
731165
698957
386193
222792
822958
739168
905177
302071
484734
543022
738877
790280
675314
728573
381810
658674
751213
477046
726107
467958
805045
4144
170851
858368
849788
503183
583083
509287
979229
36829
315915
227259
50538
668615
185994
810838
491782
855840
927088
837032
128160
359119
950647
338279
264808
24041
23765
881585
901161
315477
455197
146435
911485
225511
748949
585375
32283
51082
603735
769189
401169
482622
376420
660003
966112
45144
528704
361892
339684
861469
528826
169312
929762
778818
765796
95437
806465
910305
240422
247930
342024
239812
881787
58969
409329
361498
986898
704293
844779
123939
456981
230901
535202
193854
453436
110947
484256
290621
67555
812327
140534
896134
991001
815020
718449
735425
60821
362281
713842
194008
290208
646821
546926
813517
202580
950103
875618
304588
651146
756614
30941
723834
368768
192922
806384
767837
850176
813432
29195
971071
518099
941221
237562
151274
876768
706970
791680
399422
554209
961820
228567
897925
324041
681600
203865
905586
102185
286418
284426
639840
101937
681729
260118
938862
177498
979456
5618
825587
557736
415992
40095
68933
478665
333711
740591
652729
559894
334981
810757
361594
621672
384506
993001
878850
112730
818022
967911
458774
405493
127334
67789
769870
941221
855278
489583
75037
936207
819211
867637
98423
145938
450780
450413
971525
508166
381810
264244
756679
959791
555109
700172
749890
282857
205089
855278
628672
620365
641779
114430
48720
292434
694238
720590
777627
313775
842281
890868
55718
804241
946175
270470
618429
359092
605375
849120
94478
552937
431077
811273
155354
954053
739261
306601
229401
378546
625103
294842
560188
498380
399606
492546
639840
390116
889834
673186
544500
948425
707127
45073
564885
585389
95916
763866
398070
883323
618488
306101
456569
85704
802768
709849
532615
924076
831665
559109
443843
701746
94653
542932
872518
91347
892124
649433
558618
370076
554735
320251
336496
485765
260992
251886
919698
293621
333140
543144
230644
407399
589135
432492
931099
481381
350617
388982
977432
302543
672337
575283
971147
725299
477957
622575
910166
614654
539037
220754
707384
38715
545437
78439
875463
843233
417758
904043
63379
716600
873761
589124
756763
375149
701947
421704
505961
697625
160083
226103
501118
358558
968362
794310
639121
162724
948543
645500
899794
578593
105382
607831
820128
797330
139973
577325
383552
933985
361889
582219
362384
439327
892470
274332
494357
580983
207932
480596
518099
833709
674792
143311
176980
217378
813443
955235
326457
692001
477825
626214
135513
695389
863765
464526
615320
610425
571876
840458
606897
157264
19749
859243
997225
261903
902912
992645
876045
231138
576280
810478
146480
242544
793852
915888
117654
691163
532843
754928
530770
56958
935230
529063
758672
869820
772643
464862
959708
327514
888883
613602
97584
135512
704811
65953
95040
905724
835048
167878
937575
926292
852144
373983
373213
523407
147786
407139
859683
301616
839183
758006
389797
816856
139774
914424
790555
214074
731965
440063
424640
312353
113345
861001
995600
582525
248227
389797
438539
22214
997784
669533
982452
299814
767672
653200
633157
318980
299902
169470
612843
98191
658863
604574
980872
132191
339674
446021
741216
833189
438627
169358
607077
172993
74946
464140
768692
903339
24368
390263
154265
133233
920445
97214
384506
200255
322224
502922
861922
277662
232604
969035
22431
192419
60821
885851
315085
68836
441075
867904
381480
451003
264570
126810
899490
172931
792320
476938
359119
865148
173309
531593
689027
245818
141124
171251
159796
912423
416915
476938
667845
593235
776437
229733
302071
221267
229364
355741
978889
300399
820823
492240
592323
118985
377004
789462
524345
987183
508141
147462
210792
598288
758956
315277
15646
577984
904043
589567
506433
308781
571533
346105
377702
919614
573835
686873
813931
184937
800582
908574
989761
985077
126024
573202
672337
631829
992947
955847
776164
170851
215580
802493
726814
907813
620062
120401
533169
961501
238634
68850
551022
415952
183457
608063
705503
369177
448479
821457
202885
188856
878503
428282
321288
122676
705645
927932
667284
846462
90168
983244
83086
471826
896344
476617
771238
609769
335088
213176
343818
821199
533971
833454
188028
124962
889984
890304
950103
893933
568947
215843
571348
500332
558481
52041
315280
179263
181603
628379
556971
947220
872159
856969
134018
18053
596556
129626
594830
934294
407721
837255
140609
528704
276674
175935
61308
840740
777649
852638
498600
800582
548642
772866
783609
142498
359761
594944
777145
271791
500135
41649
404492
429574
808479
125899
888581
6290
869361
413542
616660
961739
518321
658318
30110
162728
541656
741575
882349
902005
970280
731230
842731
68933
308984
591715
483010
927388
209203
788863
257126
548728
894526
768662
94431
230467
630531
246569
282778
331139
620062
290618
761007
875011
662099
64856
497815
415008
241210
99768
446997
365975
431319
960837
332941
309013
362589
450849
67597
396247
916296
461675
413827
1767
986411
132268
389797
630409
630296
759711
297441
554177
743532
911482
429878
771872
951390
946959
382917
701947
542892
169282
901478
173509
794067
197361
730496
689424
852432
823202
934933
64908
871055
997580
590446
157212
68850
629254
86503
779492
597291
531237
285615
269031
443778
803560
897838
131516
823430
496401
179551
237073
266719
226338
892386
794774
517037
70062
22822
294735
586596
267547
724764
99466
288291
452833
786144
885331
123652
117017
510885
570482
941762
480268
769331
351355
777627
525440
870107
315085
471620
325190
873809
772590
163417
722171
18080
865879
38284
863719
833454
270869
82734
542170
598148
754928
784582
385308
446554
844984
183735
645145
735549
601855
137689
824873
533875
457302
544444
342984
294315
477825
121606
380196
207813
279434
607721
743499
709747
731988
475107
543144
261353
631022
884757
172113
275233
826802
157327
697037
20899
814957
532074
873809
980872
238755
314468
747390
498507
346009
575971
813443
491897
448290
977432
790061
640876
305469
816131
832196
497645
843395
21421
278738
95040
402640
162724
512203
378639
929515
232601
316815
498644
339674
773299
534147
418317
730757
254436
197062
179314
630531
436556
39516
167946
658098
975447
416165
404997
849788
418248
142482
681600
987664
17011
287915
32827
260118
565406
238755
892653
891921
93632
219121
312034
179606
133201
482163
778806
617987
609382
658098
660809
904204
99768
53988
889689
993001
510255
922814
222437
138139
401723
340547
345005
180544
83086
921024
586596
725729
173759
155464
270470
110461
371765
711936
410932
181603
459917
866043
349938
111245
303280
939379
869180
408236
429278
106775
899052
867637
330973
687969
378825
398070
197404
437957
870838
697729
172926
637481
2442
106239
577984
59195
549700
798426
313083
811731
27465
947220
231476
956675
302705
260118
628728
892923
540836
742891
431174
780893
87227
7336
437883
936139
506362
384749
440308
501847
645389
250196
792232
394175
225044
922690
549466
258580
56190
764600
810427
735531
708144
740416
640035
730530
579789
666601
367041
214242
735136
176017
494127
527407
830197
872859
859620
439323
878977
276674
207861
180079
157542
951070
363238
501577
39872
766578
492240
362146
340692
199680
460561
526824
403844
346097
413542
93004
493531
689620
875621
793923
89851
75082
913451
859620
