1
831283
797755
347202
1
943032
453944
185649
943032
185649
347202
453944
943032
155728
530583
453944
847495
1
538188
664799
797755
86053
382009
82238
530583
739486
347202
453944
226249
82238
453944
831283
797755
191705
207075
347202
453944
739486
143931
497119
226249
712245
712245
382009
831283
382009
943032
347202
732828
386176
780152
739486
364344
191705
207075
411794
879555
185649
411794
936046
896097
712245
347202
354363
879555
42973
964689
847495
2914
936046
364340
623574
382009
143931
623574
102641
469748
530583
240924
347202
732986
936046
936046
236551
409132
538188
538188
386176
731671
2914
191705
964654
584017
17455
82238
2914
729904
687163
287799
790392
173143
790392
478499
770280
42973
621192
102641
455825
964689
964654
687163
824000
497119
731671
409132
497119
729904
664799
430787
936046
204509
847495
416362
732986
615679
229930
739486
797755
142873
238249
159445
538188
687163
916058
711534
790392
770280
7629
386176
319078
879555
924189
614354
621192
402359
948429
760897
216011
185649
347202
188300
35929
416362
240924
334091
455825
296895
562806
729904
333339
664799
981274
731671
82238
82238
549930
879555
943032
238249
274330
920653
768944
732828
287799
622556
229930
7629
150830
207075
622556
296895
936046
416362
478499
453944
897630
30425
536408
920653
600760
549930
530583
65291
334091
693592
615679
304864
382009
78962
462822
208511
898832
2914
287799
410857
411794
455825
409132
297742
756713
973619
640662
192275
96799
936046
238249
210012
138790
979209
42473
898832
173143
282890
739486
240924
132174
549930
633657
83068
888653
848339
973619
459278
226452
469748
896097
672688
289823
396691
35929
277567
728557
445031
204819
506476
433091
673644
142692
906970
437508
86053
615679
916058
623574
506476
207075
936046
86661
173143
756713
896097
238249
687458
129483
469748
129483
411794
459278
51096
898832
308180
923207
672688
891611
160928
155728
1
439006
439006
173143
882047
418484
382871
171885
454190
731671
589959
333339
296895
142692
664799
735203
636026
955294
888653
981274
459278
687454
587651
771128
768944
51096
101936
238249
78962
382009
801170
17455
445031
739486
640662
226249
298481
689296
112803
882047
159445
683450
206093
790392
189853
832503
824000
909526
833706
790392
448366
600760
347202
183575
552401
780152
169133
455825
831283
333339
859646
707091
735203
848339
173393
780152
420013
904787
801170
906970
333706
171885
369992
759136
623574
673644
512031
755223
207075
889817
739486
48482
888090
602171
832503
343029
673644
924768
382009
76038
366735
695807
183575
948429
653737
333339
35929
162957
535628
534516
891611
192275
510229
803193
790392
732828
789582
584017
364344
402359
615679
816088
460040
461039
746259
150830
35929
111147
881273
638031
290387
308180
882047
640662
331044
197273
664799
876639
536740
102641
803193
467360
634373
89458
433146
249993
621803
672688
687163
295299
687163
675211
825309
111147
687163
811308
279184
295299
700684
17455
948429
285538
439006
420013
596040
357541
364340
530583
782601
732828
695170
497119
65291
132174
131440
142873
364344
132174
182600
589959
410857
138790
710732
615679
798106
852490
54522
477323
760897
448366
291318
35929
437508
992720
876639
96799
475213
534516
171885
988935
622556
518088
898430
282890
711332
68807
596040
890024
61503
909993
668217
89458
584017
396936
243101
303317
897696
571948
768944
382871
425718
673644
877963
797609
889817
803193
714509
76038
226249
173393
267473
518562
742279
245532
768944
226249
795420
995553
44838
994364
859646
387837
732986
857284
53028
429834
65291
134112
413268
61503
11569
446218
236821
534947
83068
859646
79329
155728
761422
462245
89458
530389
625784
811484
396936
414251
678667
282890
346433
150398
587651
2914
747960
467360
333443
335600
368870
898430
964654
191705
137346
909526
562806
898832
410857
228079
811308
372446
942589
879762
955294
856304
953672
2701
14772
571948
333339
843574
460040
833706
597966
23170
249947
955294
100843
11346
547833
509575
103262
538587
953510
782302
81183
794162
264619
756713
600760
268091
550305
531539
518088
271442
707091
400295
948502
580059
928544
469748
287799
992252
183575
119549
988935
538188
162957
272627
860093
354363
106661
322925
459278
798798
848339
759871
988935
543498
264248
333706
459278
532780
86079
102663
142692
2701
421621
477323
352866
303317
477323
423009
11569
382766
453721
119047
742214
931923
333339
11571
732828
355673
238945
238945
811308
582369
712624
274330
841184
582369
71769
257255
11571
649936
69496
520145
147593
211260
162957
909993
740600
534516
279184
881273
198239
188300
522986
518088
875198
875198
230735
618948
111147
879762
936889
109362
169133
308180
281588
5084
132174
865213
992252
406458
535450
36945
971607
188300
723890
275334
683450
82238
880573
281588
756713
461039
11346
430787
687454
143892
512031
51096
889817
768944
369992
243101
530583
1716
954053
936046
768944
108839
78962
666069
160928
690948
173143
108839
455271
169133
461039
897696
587651
51096
189853
770280
424342
444167
876298
512031
294281
639920
618948
847567
463248
744256
634373
456746
779306
689296
565172
718385
521589
236821
827381
803193
876560
223884
955294
879555
760897
519345
192048
734233
902170
382871
485773
42973
898430
459003
214793
717986
774259
211260
256621
602401
81518
513734
920653
407671
186215
598658
623574
636187
136536
86079
49584
453944
105211
531127
131440
789582
173393
732986
409132
289823
551252
76038
916058
827099
216019
261698
774691
615679
953510
393838
65029
358734
460701
379343
83068
558819
169133
470280
562288
576530
928544
172221
898539
686795
462245
214793
816088
782601
900422
407671
711332
301842
291318
989976
298481
402359
653145
308180
520036
94272
897696
339642
694314
979209
262339
275334
847249
244133
268091
706042
245532
494848
665933
86079
843574
238005
171435
319810
24333
707745
506778
123159
997198
711534
5084
263131
143901
731349
466927
410857
845078
406458
268091
487556
143892
847567
875198
636187
269053
916058
404756
532183
42973
174010
948502
834784
214793
798798
229930
150401
271442
971607
732828
95141
734233
551678
687454
896097
290387
204842
382871
96799
656983
518562
454190
352866
228241
81183
410857
985432
948429
692424
755223
319078
131440
304183
864916
416362
730398
530389
867569
15691
532183
475213
852490
204842
57726
281588
192275
643123
519273
89706
953672
531152
731349
552401
82238
177767
65291
216019
649977
618948
134112
833706
127955
439006
1705
443138
811484
289823
850380
430787
18495
895041
17574
636187
953672
81518
621192
574312
10079
1
531068
182179
216011
858965
222933
216011
102574
649587
761422
347202
801170
707091
614190
424342
530583
879762
204819
264619
410330
687269
428135
177767
954053
365922
865235
55417
898430
982233
754045
592864
445031
803193
616668
614602
387837
683586
798798
506476
881807
319903
277567
695807
876639
936046
881273
223884
991303
432532
186701
814874
497198
728557
79329
143901
924931
832503
281588
981584
