1
1
1
386229
386229
386229
1
189743
1
189743
386229
386229
1
189743
189743
386229
1
712642
712642
386229
712642
1
729896
729896
189743
751792
729896
751792
751792
1
729896
1
751792
751792
751792
189743
712642
729896
189743
751792
189743
386229
712642
1
729896
712642
729896
386229
729896
751792
189743
386229
1
729896
561588
1
729896
189743
1
1
751792
1
712642
1
712642
751792
637113
561588
386229
561588
751792
561588
284361
751792
712642
27468
729896
637113
751792
729896
1
284361
729896
284361
284361
561588
284361
284361
712642
637113
284361
712642
521387
561588
386229
27468
284361
27468
189743
27468
1
751792
50258
751792
637113
1
561588
50258
561588
386229
729896
1
561588
27468
189743
1
751792
284361
561588
712642
377912
1
1
27468
561588
637113
729896
561588
284361
307761
561588
189743
1
189743
712642
712642
521387
50258
189743
307761
377912
189743
751792
385254
712642
27468
385254
561588
561588
189743
1
1
189743
377912
751792
284361
1
729896
307761
385254
189743
751792
27468
386229
385254
50258
377912
284361
50258
521387
284361
50258
27468
561588
521387
1
1
377912
855460
27468
855460
751792
855460
284361
133945
307761
307761
637113
751792
210191
855460
712642
561588
729896
361643
712642
377912
386229
521387
386229
616784
521387
712642
616784
386229
386229
385254
210191
386229
561588
27468
521387
521387
521387
561588
751792
386229
189743
706637
133945
855460
163514
855460
729896
307761
712642
210191
521387
637113
27468
377912
377912
284361
133945
189743
616784
385254
751792
361643
637113
386229
521387
385254
307761
27468
563304
1
561588
50258
1
361643
133945
385254
197802
1
385254
361643
133945
521387
855460
307761
855460
521387
706637
539986
27468
386229
197802
50258
377912
163514
563304
1
361643
377912
133945
197802
637113
27468
1
855460
50258
568413
133945
210191
1
189743
568413
246363
290114
133945
846174
163514
163514
307761
616784
385254
197802
385254
189743
563304
284361
568413
855460
855460
332381
706637
290114
332381
307761
1
361643
521387
846174
561588
377912
197802
712642
332381
1
855460
751792
163514
284361
563304
163514
50258
385254
197802
846174
751792
563304
246363
637113
133945
568413
385254
322900
855460
189743
712642
189743
27468
385254
1
322900
676497
284361
1
332381
729896
846174
751792
221796
221796
284361
676497
385254
50258
568413
290114
293843
386229
729896
210191
706637
189743
246363
332381
1
290114
563304
163514
163514
712642
855460
386229
706637
676497
322900
95009
563304
751792
676497
504805
729896
729896
50258
785710
616784
210191
616784
133945
1
1
27468
437582
163514
945050
785710
163514
504805
163514
293843
779347
385254
712642
1
27468
1
616784
361643
361643
932861
539986
290114
197802
171292
932861
221796
377912
437582
221796
81214
521387
163514
616784
563304
210191
81214
751792
377912
932861
163514
81214
932861
171292
246363
377912
27468
246363
1
284361
284361
171292
616784
563304
95009
171292
307761
307761
511799
73085
676497
706637
1
221796
712642
676497
616784
563304
133945
73085
171292
171292
1
95009
50258
81214
563304
706637
616784
729896
785710
133945
171292
521387
616784
332381
50258
133945
504805
402532
454987
171292
668037
34701
95009
676497
221796
504805
846174
197802
751792
738230
284361
706637
417071
293843
332381
163514
779347
668037
34701
293843
385254
563304
386229
511799
197802
180308
290114
846174
221796
706637
676497
163514
668037
50258
374815
676497
133945
712642
504805
50258
233541
171292
676497
210191
290114
695363
417071
133945
221796
668037
210191
163514
521387
46158
706637
712642
81214
751792
695363
246363
437582
374815
561588
881167
81214
197802
171292
189743
846174
328403
402532
386229
511799
785710
73085
197802
402532
932861
881167
695363
95009
751792
511799
909721
616784
290114
133945
668037
695363
361643
385254
779347
50258
385254
932861
328403
561588
386229
81214
561588
188179
855460
855460
34701
73085
561588
616784
695363
846174
545836
385254
751792
188179
561588
210191
377912
332381
180308
284361
909721
95009
932861
511799
180308
706637
846174
163514
171292
284361
290114
46158
621056
561588
751792
417071
695363
945050
290114
751792
361643
417071
785710
290114
95009
511799
81214
676497
27468
180308
729896
568413
133945
909721
616784
163514
909721
454987
676497
133945
920326
593840
485172
738230
189743
307761
374815
417071
386229
545836
163514
783179
637113
163514
712642
189743
284361
386229
909721
188179
27468
695363
385254
210191
27468
374815
290114
385254
673279
50258
539986
151999
24098
561588
361643
322900
81214
180308
221796
673279
454987
386229
695363
855460
24098
772465
737198
163514
545836
361643
374815
637113
391244
729896
637113
673279
171292
189743
568413
1
24098
328403
538618
538618
24098
902298
46158
163948
360903
909721
24098
391244
6969
50258
50258
328403
361643
437582
197802
385254
46158
293843
437582
712642
361643
34701
437582
504805
307761
561588
248241
779347
417071
485172
637113
151999
361643
163514
729896
180308
328403
178837
46158
385254
909886
738230
50258
34701
151999
24098
945050
676497
932861
279527
616784
538618
128661
163948
293843
668037
360903
13191
563304
293843
932861
163948
322900
855460
133945
485172
27468
189743
162324
846174
322900
27468
57575
737198
712642
385254
374815
307761
737198
545836
616784
374815
130595
783179
695363
568413
121073
128661
920326
377912
246363
133945
846174
81214
738230
328403
772465
945050
163514
95009
437582
6969
881167
128661
561588
85469
616784
502932
163948
437582
332381
163514
279527
754705
539986
737198
910480
485172
647960
485172
910480
377912
151999
502932
637113
279527
945050
779347
437582
163514
616784
673279
180308
50258
57575
210191
539986
561588
374815
13191
130595
279527
121073
738230
57575
128661
6969
502932
737198
779347
290114
920326
465752
485172
616784
402532
910480
545836
695363
130595
130595
24098
855460
881167
561588
676497
332381
810094
46158
73085
391244
909886
328403
504805
57575
706637
920326
24098
417071
417071
332381
121073
695363
945050
133945
180308
909886
932861
568413
593840
34701
279527
377912
563304
221796
668037
171292
945050
945050
178837
210191
616784
290114
539986
712642
360903
503382
568413
561588
637113
855460
855460
105259
151999
621056
189743
170450
729896
386229
290711
695363
385254
13191
27468
278608
668037
73085
163514
712642
85469
46158
932861
751792
221796
332381
95009
695363
621056
307761
932861
130595
485172
902298
248241
944483
140127
673279
511799
785710
278608
290711
616784
785710
465752
1
290711
391244
121073
944483
712642
668037
637113
307761
673279
706637
163514
293843
563304
377912
738230
729896
358797
545836
322900
290114
163948
46158
881167
332381
932861
910480
307761
151999
391244
162324
503382
290114
13191
909721
290114
163514
920326
