1
937748
1
1
1
937748
1
1
1
1
937748
1
1
47092
937748
47092
937748
1
291519
937748
291519
291519
1
1
47092
1
1
1
291519
291519
47092
291519
291519
937748
658221
937748
658221
937748
410762
291519
47092
658221
937748
937748
47092
1
47092
291519
291519
291519
937748
410762
291519
456372
1
937748
937748
291519
47092
1
937748
658221
871088
658221
1
305634
937748
291519
937748
456372
739865
1
410762
410762
1
410762
291519
937748
871088
871088
291519
739865
739865
291519
1
739865
1
410762
410762
47092
305634
456372
291519
291519
410762
456372
871088
658221
937748
305634
291519
937748
658221
291519
410762
291519
410762
871088
456372
291519
410762
739865
305634
672576
658221
410762
456372
410762
456372
658221
871088
871088
305634
1
21447
1
410762
871088
47092
305634
410762
21447
871088
456372
871088
658221
798634
658221
47092
672576
291519
134772
733497
956471
798634
658221
410762
956471
871088
937748
739865
21447
798634
456372
739865
956471
47092
456372
376697
456372
937748
658221
956471
134772
956471
937748
956471
291519
456372
291519
134772
956471
798634
739865
937748
798634
410762
134772
47092
798634
410762
739865
798634
871088
1
739865
937748
90418
410762
141595
21447
409176
376697
305634
291519
153155
798634
90418
739865
1
798634
376697
409176
871088
305634
141595
877014
871088
456372
305634
672576
134772
47092
956471
739865
21447
597586
798634
1
597586
134772
658221
672576
456372
456372
937748
798634
90418
798634
456372
376697
305634
107312
956471
1
21447
410762
739865
47092
305634
445597
871088
47092
739865
134772
153155
305634
871088
937748
153155
956471
410762
445597
376697
409176
597586
871088
47092
291519
1
445597
305634
672576
739865
672576
107312
153155
937748
376697
877014
658221
410762
410762
21447
937748
376697
410762
861773
672576
376697
937748
798634
861773
672576
409176
658221
672576
725270
275996
658221
937748
597586
672576
445597
877014
1
877014
275996
90418
1
672576
376697
937748
21447
937748
739865
227452
409906
861773
90418
456372
658221
861773
410762
871088
871088
410762
409906
409176
733497
1
141595
141595
739865
877014
409906
725270
305634
141595
658221
798634
90418
376697
871088
798634
410762
107312
141595
21447
739865
409176
445597
90418
733497
227452
658221
877014
376697
134772
141595
672576
733497
861773
739865
658221
409906
739865
956471
739865
341757
134772
798634
739865
21447
871088
410762
376697
937748
597586
409906
658221
249794
861773
305634
157006
291519
90418
291519
141595
725270
725270
596306
424804
341757
725270
134772
877014
819965
937748
851597
153155
445597
861773
153155
409906
733497
157006
21447
877014
107312
305634
157006
227452
107312
937748
227452
153155
21447
733497
410762
779917
291519
305634
1
341757
877014
827010
877014
445597
305634
725270
249794
937748
827010
21447
597586
275996
827010
107312
305634
851597
672576
153155
410762
997629
47092
275996
47092
706635
739865
733497
134772
409176
141595
1
227452
596306
291519
68018
871088
1
410762
597586
107312
672576
107312
851597
725270
376697
956471
291519
1
861773
877014
819965
275996
827010
409176
424804
134772
798634
798634
134772
997629
779917
275996
1
21447
877014
956471
341757
141595
227452
779917
779917
658221
21447
658221
227452
597586
409906
341757
409176
409906
291519
249794
672576
90418
779917
343169
456372
491369
220338
195924
153155
141595
341757
409176
861773
274290
596306
141595
1
220338
274290
68018
90418
672576
1
68018
871088
410762
341757
851597
249794
937748
107312
410762
827010
937748
325140
956471
249794
491369
134772
343169
341757
937748
341556
491369
424804
220338
274290
871088
706635
930161
195924
877014
325140
275996
21447
819965
291519
274290
937748
706635
884119
410762
107312
871088
597586
827010
957920
1
956471
18352
491369
491369
249794
445597
491369
134772
456372
597586
1
341757
409176
220338
409906
141595
445597
813409
195639
658221
851597
153155
153155
195639
597586
325140
596306
733497
596306
325140
930161
1
343169
877014
706635
884119
153155
275996
153155
341757
937748
141595
424804
275996
1
982170
798634
851597
819965
90418
18352
227452
195639
971353
871088
409906
491369
227452
813409
851597
107312
957920
861773
195924
343169
100488
861773
331563
445597
956471
305634
884119
1
827010
861773
195639
64127
378457
409176
733497
937748
851597
456372
153155
227452
884119
331563
378457
851597
220338
982170
813409
157006
18352
274290
220338
930161
680082
391008
409176
391008
829364
837540
971353
325140
733497
107312
195924
134772
249794
331563
343169
378457
364883
391008
658221
798634
409176
445597
971353
926379
937748
220338
424804
364883
18352
364883
157006
871088
861773
305634
343169
157006
414909
54606
739865
798634
706635
395775
706635
739865
871088
153155
100488
291519
827010
414909
409906
54863
249794
971353
391008
134772
378457
341556
1
331563
325140
491369
706635
195639
445597
445597
47092
341556
946980
930161
227452
341556
837540
877014
68018
819965
445597
930161
733497
220338
956471
819965
946980
798634
3795
877014
249794
871088
779917
956471
307718
930161
739865
275996
153155
331563
325140
364883
134772
341556
227452
956471
134772
739865
884119
491369
829364
409176
491369
851597
341757
937748
424804
739865
661474
299158
851597
877014
946980
661474
157006
378457
409906
827010
706635
596306
1
378457
376697
982170
378457
725270
928426
956471
275996
733497
851597
3795
249782
435259
912586
343169
249782
596306
157006
956471
141595
1
982170
18352
877014
733497
263403
937748
57634
912586
57634
827010
3795
307718
364883
47092
153155
325140
220338
818648
307718
414909
274290
706635
263403
141595
779917
930161
141595
733497
364883
597586
54606
134772
68018
547433
410762
491369
141595
263403
57634
1
410762
68018
107312
110356
997629
930161
739865
912586
725270
220338
249782
107312
942948
813409
956471
997629
134772
957920
926379
942948
779917
249782
68018
942948
972040
912586
299158
547433
149314
956471
364883
57634
643878
658221
391008
798634
18352
643878
227452
997629
364883
410762
149314
813409
395775
68018
813409
937748
410762
134772
921612
982170
153155
249794
957920
944821
227452
946980
596306
851597
110356
944821
435259
289752
21447
725270
912586
263403
68018
944821
921612
491369
912586
731269
410762
957920
491369
596306
249782
946980
705458
305634
739865
149314
64127
1
928426
187248
957920
195639
134772
227452
972040
596306
597586
263403
937748
141595
341556
921612
21447
153155
391008
925848
597586
153155
706635
818648
100488
982170
731269
680082
597586
946980
957920
779917
921612
68018
220338
305634
134772
837540
871088
249794
817544
378457
819965
435259
161446
343169
957920
819965
134772
884119
391008
643878
331563
395775
331563
705458
291519
706635
291319
680082
491346
291319
110356
64127
547433
972040
819965
547433
733497
305634
925848
982170
90418
982170
47092
54606
289752
997629
818648
161446
926379
733497
547433
733497
414909
661474
596306
249794
364883
787334
491369
912640
643878
837540
134772
645437
107312
997629
149314
57634
157006
134772
861773
157006
921612
57634
547433
817544
937748
871088
661474
942948
227086
997629
291319
64127
64127
596306
935034
195639
57634
227086
972040
818648
851597
912640
972040
912640
813409
972040
982170
731269
896788
175815
291519
341757
935034
263403
896788
657657
491369
343169
16303
274290
424804
335840
779917
942948
942948
149314
928426
54863
680082
341757
445597
414909
819965
364883
944821
942948
818648
942948
391008
680082
829364
187248
291519
926379
798634
997629
391008
409906
149314
195639
378457
662655
80565
68018
851597
341556
341757
343169
937748
912586
912640
680082
813409
391008
957920
928426
414909
134772
957920
100488
305634
195924
341556
335840
220338
877014
227086
912586
157006
928426
299158
477028
376697
477028
658221
547433
661474
376697
957920
657657
57634
817544
477028
275996
680082
275136
364883
731269
175815
299158
928426
175815
778464
921612
195639
331563
921612
827010
291319
944821
110356
325140
141595
289752
299158
289752
928426
491346
291519
861773
364883
376697
971353
944821
597586
64127
54863
445597
343169
739865
445597
957920
733497
204312
299158
364883
68018
64127
877014
47092
494395
661474
819965
779917
16303
335840
884119
161446
263403
643878
946980
491346
827010
645437
18352
643878
110356
410762
445597
445597
110356
263403
928426
659602
153155
956471
153155
930161
827010
395775
445597
363295
884119
142963
658221
921612
956471
68018
18352
817544
827010
325140
944821
187248
391008
305634
477028
884119
149314
946980
696295
456372
661474
912640
68018
157006
494395
478675
80565
3795
956471
818648
391008
813409
798634
861773
47092
305634
175815
227452
657657
912640
161446
47092
395775
494395
18007
944821
491346
220338
998988
275136
141595
364883
296008
395775
47092
696295
363295
871088
547433
364883
3795
837540
263403
494395
331563
953045
249782
596306
204312
435259
249794
705458
171218
110356
982170
912640
363295
827010
818648
80565
566900
341556
141595
728317
566900
275996
645437
21447
741974
798634
100488
291319
195924
725270
638987
884119
227086
819965
741974
107312
659602
47092
659602
478675
566900
80565
343169
307718
851597
819965
801114
68018
837540
798634
739865
813409
299158
728317
657657
801114
530309
445597
16303
341757
303656
896788
477028
798634
662655
935034
134772
195924
274290
107312
937748
871088
47092
335840
491369
395775
705458
249794
645437
445597
779917
16303
494395
249794
818648
926379
926379
409176
289752
274290
725270
657657
424804
680082
851597
291319
445597
409176
395775
957920
658221
851597
477028
643878
171218
68884
382209
547433
971353
997629
643878
921612
658221
409906
107312
142963
921612
227452
204312
166632
827010
596760
285557
478675
204312
220338
291319
661474
334194
303656
54863
335840
778464
343169
925848
80565
882133
942948
982170
611442
817544
837540
798634
171218
424804
363295
64127
829364
871088
912586
672576
107312
57634
928426
837540
946980
971353
410762
175815
153965
296008
662655
20780
706635
680082
414369
80565
491346
124943
527396
285557
275996
946980
813409
166632
837540
733497
285557
551783
161446
1
3795
547433
801114
166632
285557
662655
878193
21447
725270
491346
851597
491346
957920
90418
937748
829364
953045
957920
971353
363295
530309
672576
566900
90418
494395
658221
114679
325140
409906
263403
57634
852137
813409
997629
275136
166632
837540
548242
658221
341757
18352
596306
378457
343169
741974
530309
153965
410762
474327
3795
409906
303656
855845
728317
696295
818648
435259
474327
643878
855845
927689
813409
877014
291319
972040
611442
391008
659602
829364
289752
414369
149314
596306
658221
395775
474327
335840
435259
385804
852137
114679
657657
110356
110356
855845
888705
124943
937748
491369
334194
456372
912640
527396
307718
493031
896788
827010
227086
998988
68884
391008
166632
741974
638987
325140
997629
739865
852137
168071
706635
18007
896788
3795
331563
195924
124943
363295
657657
787334
187248
657657
331563
161446
778464
54863
291319
705458
476773
990463
969970
334194
926379
659602
47092
325140
972040
422008
930161
957920
705458
596306
341556
798634
187248
335840
997629
54606
335840
195924
307718
18352
739865
813409
728317
175815
275996
672576
331563
884119
957920
787334
409906
725270
779917
659101
884119
645437
491369
124309
706635
68018
645437
746849
343741
363295
819965
878193
706635
456372
798634
956471
16303
385804
325140
275996
291519
166632
409906
391008
527396
533283
502284
661474
912586
307718
787334
157006
494395
944821
566900
957920
706975
502284
612036
382209
657657
829364
275136
921612
519595
851597
491346
554069
310014
263403
818648
882133
974599
409906
705458
855845
318206
551783
728317
47092
325140
921612
275136
852137
376697
18352
533283
476773
57634
493031
956471
124943
466851
331563
343741
548242
414909
953045
466851
798634
376697
926379
813409
305634
100488
551783
153965
171218
801114
801114
335840
435259
912640
969970
175815
980319
80565
175815
141595
249794
502284
725270
391869
227086
100488
275136
733497
285557
884119
110356
110356
912640
249782
912586
285557
310014
477028
301407
341556
548242
706635
18352
659101
661474
519595
798634
307718
299158
980319
937748
38530
291319
614308
307718
731269
1
741974
787334
980319
530309
168071
533283
289752
107312
195924
888705
819965
930161
741974
280909
263403
659602
597586
953045
971353
957920
100488
491369
852137
638987
696295
852137
957920
187248
303656
385804
414909
409176
166632
548242
335840
445284
335840
680082
124309
195924
289752
942948
385236
746849
657657
435259
280909
638987
90418
476773
728317
696295
227452
596306
998988
391008
882133
310014
439571
787334
263403
819965
474327
299158
310014
331563
672576
263403
54606
474327
439571
20780
476773
16303
871088
141595
263403
289752
409906
175815
643878
157006
195639
705458
161446
493031
395775
813409
296008
445284
301407
1
195639
313154
921612
927689
142963
912586
980319
52078
57634
855845
946980
227086
725270
310014
818648
80565
307718
458914
491346
596306
645437
530309
409906
476773
491346
731269
956471
275136
926379
168071
493031
280909
643878
930161
779917
877014
662655
456372
926379
494395
935034
969970
334194
527396
334194
171218
343741
852137
969970
305634
855845
519595
114679
982170
245003
364883
274290
912586
334194
378457
100488
733497
291519
307718
921612
877014
274290
829364
409176
227086
778464
706635
414909
852137
385236
662655
458914
493031
813409
705458
110356
547433
927689
997629
882133
20780
798634
662655
801114
474327
249794
406033
530309
80565
657657
318206
871088
672576
409176
577635
249782
474327
409176
378457
971353
491369
733497
817544
341556
291319
68018
335840
275996
706635
38530
296008
658221
445597
466851
341757
255251
827010
318206
301407
851597
466851
882133
896788
607823
47092
612036
878193
706635
54863
980319
638770
848236
20662
533283
371223
972040
54606
971353
166632
100488
739865
607823
20662
220338
275136
64127
16303
20662
877014
882133
706975
680082
20780
409176
171218
607823
313154
476773
706702
705458
645437
451792
944821
291319
547433
291319
746849
275136
478675
275996
80565
930161
21447
779917
706635
343741
204312
645437
661474
533283
39763
334194
614308
20780
183381
934826
371223
855845
464614
341757
249782
551783
942948
608399
997629
566900
661474
733497
220338
57634
998988
982170
817544
285557
289752
935034
728317
944821
110356
800246
64127
779917
980319
296008
530309
638987
124309
410762
285557
331563
829364
494395
385236
166632
364883
385804
855845
779917
527396
364883
474327
502284
829364
896788
696295
458914
175815
527396
533283
554069
551783
25262
263403
566900
739865
612036
658221
437718
882133
621754
171218
153155
392083
318206
439571
779917
696295
548242
113113
551783
479229
551783
1
957920
956471
935034
334194
787334
612865
18007
813409
577635
64127
819965
608399
611442
94967
801114
782151
409176
829364
596760
998988
249782
693828
731480
871088
462130
741974
395775
706975
325140
94967
680082
343169
787334
728317
554069
871088
313154
910550
391869
255251
725270
57634
299158
464614
643878
982170
477028
171218
993000
47092
80565
502284
633327
249782
195924
291319
956471
971353
451792
483226
141595
414369
928426
608399
385804
494395
519595
731480
476773
930161
982170
884119
566900
195639
977658
934826
706635
113113
341556
485835
39763
782151
1
385804
837540
474327
68884
706635
696295
621754
25262
20662
659375
18352
271156
275996
657657
611075
973849
52078
100488
817544
527396
1
493031
414909
937748
787334
493609
39763
245641
451792
335840
141595
530309
87550
973849
107312
445597
255251
16303
782151
16303
385236
800246
291519
275136
661474
957920
608399
633640
980319
612865
38530
176678
888705
171218
310014
476773
491369
491369
249794
113113
706975
271156
392083
930161
612865
395775
478675
928426
466851
935034
110356
704187
341757
946980
491346
291519
456372
611442
607823
110356
731480
477028
997629
693828
659602
577635
705458
124309
376221
464614
263403
363295
888705
385804
705458
527396
371223
533283
787334
953045
782151
926379
47092
307718
414909
855845
364883
982170
912640
1
301407
54606
18007
659602
855845
843834
291319
464614
456372
108214
953045
366879
47092
554069
817544
696295
299158
66689
662655
422008
479229
645405
474327
649805
335840
376697
937102
364883
944821
530309
161446
633327
934826
395775
409906
376221
318206
204312
614308
371223
17333
249794
633640
391869
18007
659375
66689
245003
220338
921704
527396
17333
245003
114679
851597
57634
613099
107312
696295
935034
705458
551783
778464
305634
409906
479229
851597
974599
307718
774305
195924
17333
969970
20662
705458
597586
551783
409176
659101
66689
94967
649805
910550
993194
885347
731269
551783
107312
554069
205495
930161
263403
533283
548242
307718
307718
491346
246692
993000
649805
957920
249794
657657
68884
848236
195639
819965
930161
982170
645405
142963
706975
410762
658221
385236
462130
392083
343741
395775
187248
458914
171218
54606
937748
366879
175815
491346
161446
291519
852137
741648
680082
54863
87550
565477
365839
764232
764232
110356
728317
647924
645405
937748
731269
166632
305634
275136
926379
972040
385236
220338
493609
937748
971353
410762
659375
680082
998988
154311
693828
249782
843834
927689
746849
456372
612865
925987
414369
705458
539427
271156
596760
274290
871088
21447
993000
291319
882133
743929
160411
271482
519595
706975
271482
659101
493609
113113
814723
343741
912586
764232
407611
280909
519595
892916
782151
491369
271482
672576
318206
183381
474327
220338
466851
852137
547433
953045
956471
385236
334194
371223
414909
285557
817544
445597
533283
547433
706702
54863
608399
409906
566900
843834
195924
882133
365839
110356
860372
376697
220338
385804
483226
817544
209654
787334
263403
21447
391869
451792
90418
391008
149314
930161
102902
638770
25262
643878
930161
661474
548242
204312
853387
363295
175815
296008
154311
910382
657657
154311
491572
134772
325140
171218
972040
20662
577635
68018
990463
424804
274290
285557
741974
195639
142963
527396
255496
301407
114679
638770
934826
160411
596306
818648
955425
764232
773822
491346
474327
798634
102902
944821
659101
391008
175815
764232
814723
491369
659101
659602
20662
341556
801114
611442
731480
462130
819965
94967
478675
175815
611442
818648
313154
114679
376221
848236
896788
896891
533283
80565
493609
884119
548242
782151
391008
612865
837540
694150
519595
888705
782151
3795
884119
280909
927689
105892
325140
643878
527396
779917
385236
391008
183381
628617
274290
208988
227452
439571
787334
726607
437718
596306
376632
726607
491346
280909
18007
343741
643878
318206
566900
330405
993000
680082
478675
927689
741974
64127
694150
409176
843834
596306
176678
124943
912586
181643
18007
946980
52078
365839
113113
892916
937748
274290
343741
848236
255251
409906
305634
638987
410762
696295
659101
271156
973849
706975
365839
773822
54863
800246
376632
694150
54863
980319
407611
209654
746849
363295
80565
70218
956471
364883
944821
41810
275136
494395
376697
331563
395775
341757
107312
773822
376221
837540
696295
596760
598253
392083
882133
38530
934826
175815
166632
331563
950126
956471
628617
912586
539427
659375
149314
972040
378457
406033
385804
661474
209654
477625
819965
154311
971353
206334
296008
827010
530309
439275
102902
502284
953045
18352
493609
68884
638770
818648
431228
124309
638770
47092
343741
445284
930161
66689
693828
299158
680082
38530
726607
638987
711382
696295
977658
657657
728317
159182
54863
706702
166632
837540
483226
704187
195924
325140
774305
502284
388439
410762
343741
937102
414369
330405
343741
801114
18007
271156
325140
554069
731269
280069
407611
633327
607823
18352
114679
94967
451792
928426
921612
493609
739865
285557
166632
141595
149314
378457
385236
477625
814723
801114
861773
391869
54863
435259
982170
439571
72510
861773
659375
921704
726607
878193
153965
70218
860372
87550
382209
154311
878193
466851
305634
741152
877014
925848
70630
921704
382209
878193
142963
955425
358937
926379
566900
124943
204312
437718
827010
633640
388439
696295
645437
70218
334194
672576
227086
462130
479229
928426
160411
912586
68884
957920
767358
268567
285557
385804
956471
974599
659101
548242
150710
100488
66689
554069
982170
80661
926379
659101
341757
414369
409906
311249
100488
205495
611442
435259
25262
175815
439571
310014
289948
944821
980319
774305
493031
643878
613099
70218
814723
638770
798634
358937
52078
502284
66689
610845
872900
17333
301407
885347
255496
706635
547433
659602
205495
925987
161446
596306
187248
168071
16303
493031
318206
643878
693828
494395
245003
612036
289948
341132
957920
997629
177989
491346
289948
882133
41810
554069
409906
313154
647924
929832
577635
161446
800246
632379
696295
548242
719261
341757
271156
159182
160411
659602
693828
20780
366879
551783
195639
957920
87550
424804
611442
767358
17333
366879
141595
800246
437718
21447
921704
731480
814723
998988
205495
597586
142963
16303
227086
195924
18007
41810
149314
672576
697415
157006
422008
935034
872900
982170
395775
223754
977658
767358
997629
853387
814723
657657
798634
376632
477028
124943
20662
662655
882133
787334
696295
643878
47092
551783
249782
70218
90418
114679
662655
285557
565477
275996
310014
54606
852137
502284
662655
255251
458914
311249
697415
773822
303656
662655
183381
364883
245003
912586
944821
921704
341132
175815
819965
631689
20780
937748
132909
70630
113113
280909
153155
706702
414909
255251
896788
66689
778464
414369
925848
84960
731480
773822
530309
376697
391869
154311
719261
330405
878193
149314
381507
645405
672576
774305
376221
80565
160411
365839
892916
659602
638987
406033
223754
39763
612036
853387
912640
913713
483226
471280
105892
657657
227086
391008
953045
877014
330405
204312
787334
494395
268788
195639
439275
910382
818648
728317
831500
672576
921612
161446
483226
296008
896891
391869
610845
927689
973849
209654
485835
149314
208988
255251
659602
814723
223754
113113
977658
885347
456372
767358
730240
584047
502284
285557
70630
146367
645437
159182
611442
913713
851597
369036
245641
997629
631689
944821
365839
610845
530309
424804
275136
882133
551783
205495
266174
90418
658221
491572
861773
181643
409906
289752
275996
110356
1
661474
343169
935034
110356
928426
385804
313154
696295
848236
388439
68884
410762
205495
161446
814723
633640
743929
743929
800246
335840
227086
843834
527396
415986
852137
733497
366879
291519
998988
362570
697415
305634
289752
114702
154411
608399
800246
105892
366879
4032
927400
972040
54606
72510
385804
245641
584047
910382
621754
183381
39763
142963
696295
16303
477028
205495
494395
693177
814723
154411
107312
39763
365839
819965
107312
68884
927689
643878
767358
66689
892916
175815
18007
439571
280909
493609
937748
798634
17333
132909
596760
249794
927689
343741
310014
223754
613099
877014
739865
208988
706635
168071
731269
364883
969970
944821
141595
624267
814723
474327
990463
577635
741152
134772
243420
80565
280069
910382
363295
852137
341132
981286
153155
275136
659375
491572
913713
607823
341132
643878
105892
860372
493609
363295
301407
431228
584047
624267
997629
113113
363295
150710
527396
548242
829364
790135
969970
667856
935034
362570
930161
743929
566900
719261
249782
596306
584047
733497
483226
818648
414369
693828
779917
519595
719411
153965
596306
694150
909840
612865
150710
437718
124309
767358
668338
980319
649805
658221
25262
341132
331563
611410
502284
725270
17333
611075
16303
638770
957920
693828
693177
971353
621754
877014
925848
584047
17333
243420
431228
108214
779917
414909
848236
70218
912640
146367
90418
921612
843834
565477
710339
280069
146367
672576
779917
271482
527396
462130
70630
934826
268788
406033
431228
944821
831500
479229
837540
90418
362570
937102
869030
790135
658221
54606
476773
289752
814723
291319
608399
162828
574224
828855
175815
782151
141595
466851
378457
280537
706702
837540
477625
596306
928426
577635
458914
445284
307718
474327
41810
271482
376697
632379
743929
697415
892916
935034
204312
168071
927400
547433
533283
607823
114702
577635
64127
798634
726607
255496
318206
927400
927400
519595
767358
710339
134772
363295
944821
610845
114702
268567
464614
790135
997629
491346
406033
853387
325140
243420
363295
21447
773822
325140
341556
693828
621754
743929
249794
596306
493031
643878
100488
610845
980319
612865
872900
70218
195924
925848
479229
706975
577635
159182
912583
313154
325140
477625
853387
968141
997629
30853
595858
548242
925848
414369
424804
341556
12497
376632
733497
782151
613099
861773
280909
206334
578284
611410
114553
595085
533283
456372
150710
483226
223754
843834
409906
981286
366879
175815
360637
47092
997629
68018
719411
658221
114702
645437
667856
12497
628617
64127
175065
414369
291319
628617
638987
366879
597586
307126
813352
343741
704187
64127
84960
39763
335840
981286
774305
255496
730240
227452
16303
392365
885347
437718
974599
70630
971353
974599
424804
944821
937748
934826
175065
860372
930161
566900
299158
268567
491369
896774
249782
530309
476773
980319
595858
456372
1
706635
647924
829364
274290
846596
149314
624267
871088
255251
934826
334194
173174
245641
39763
173174
817544
802212
274290
638770
957920
124943
596760
331563
142963
778464
334194
318206
760579
519595
5685
114679
61188
819965
114553
779917
94672
607823
161446
998988
195639
485835
477028
341132
733497
521936
527396
909840
258861
912640
68884
518251
280909
828855
662655
872900
395775
382209
474327
66689
258861
378457
92247
921704
266174
741974
533283
249782
946980
209654
391008
258861
376632
382209
969970
733497
456372
280069
997629
114553
661474
624267
249782
17333
303656
68884
10635
87550
146367
968141
84960
18007
659101
928426
168071
124943
168071
993000
711382
672917
705458
280069
94967
341556
804441
731480
20662
926379
435259
445284
512803
347485
956471
843834
767358
291319
388439
884119
409176
693828
896891
884119
667856
596306
912640
471280
946980
276227
41810
741648
414909
100488
64127
746849
334194
176678
325140
343741
779917
280537
301407
937102
710339
993194
937748
855845
249782
813352
614308
3878
491346
271156
113113
204312
694150
4032
269106
385804
945261
725270
269106
208988
456372
173174
818946
87550
149314
318206
597586
861773
746849
957920
584047
537786
276227
154411
445597
725270
140372
187248
535382
296008
378457
618648
565477
798634
107312
177989
395775
382209
760579
813409
19343
458914
649805
719261
268567
739250
884119
392365
595858
767358
388439
680082
925848
325140
313154
153965
733497
801114
494395
731480
176678
614308
851597
102902
439571
414369
513873
173174
296008
607823
667856
539427
929832
415986
113113
124309
407611
696295
801114
882133
782151
157006
518251
94967
445284
693177
896788
365839
343169
937748
611410
110356
142963
124943
331563
927400
926028
597586
773822
843834
92247
884119
20662
882133
693773
133604
645437
896788
25262
705458
341757
263083
331563
70218
659602
697415
6411
883072
296008
972040
837540
204312
164518
800246
645437
852137
927689
431228
693773
487585
400683
66689
181643
929832
268788
471280
318206
310014
255251
268567
25262
643878
521936
921612
955425
513873
220338
331563
471280
114702
704187
263403
730240
166632
347485
153759
10635
956471
478675
725270
296008
828855
258861
246692
285557
548242
410762
19343
982170
291319
310014
520051
535382
828855
611442
746849
369036
227452
246032
945261
840449
271156
633327
484360
296008
547433
435259
719411
611442
667856
161446
21447
483226
855845
195639
997629
479229
802212
223754
927400
249782
929832
693177
5446
944821
520051
853387
574224
944821
358937
840449
811799
569066
779917
10635
484360
533283
39763
437718
969970
950126
884119
831500
410762
68884
395775
391008
547433
466851
614308
102902
598253
852137
739865
741648
336251
713838
159182
726607
347485
466851
19343
114553
888705
171218
466851
385236
325140
993194
16303
280069
569066
672917
376697
227086
730240
535382
804441
595858
199911
618648
596760
818648
491346
818946
937748
677685
993000
896774
896774
168071
743929
181643
521936
439571
366879
21447
779917
982170
819965
367898
787334
645437
494395
926028
977658
767358
801114
611075
819965
1
930161
565477
124309
957920
554069
855845
183381
199911
18007
162828
392083
52078
595858
527396
853387
478675
912586
392083
574224
726607
693342
150710
268788
596306
367898
249794
64127
921704
535382
280537
631689
140372
942948
566900
275136
141595
424306
439275
20780
612036
358954
857922
369036
204312
206334
728317
921612
255496
365839
860372
110356
760579
706702
476773
223754
944821
276227
741974
5446
693773
801114
392365
243420
641121
927689
981286
70218
910382
363295
447403
289948
271156
993194
335840
696295
334194
335840
694150
94967
177989
271482
204312
280069
90418
66974
330405
491369
39763
424804
21447
417075
485835
173174
299158
743929
41810
12497
494395
711382
80661
3878
87550
456372
108203
537786
392365
84960
618648
531857
884119
133604
54863
773822
41810
554069
801114
263403
672917
494395
997629
942948
258861
645405
479229
611075
100488
177989
649805
624535
896774
739865
110356
731269
183381
631689
376221
968141
381507
527396
611410
134772
892916
209654
477028
837540
741648
246032
365839
10635
814723
376632
266174
910382
852137
476773
364883
223754
746849
621754
719262
802212
107312
474327
596760
705458
778464
569066
296008
255251
764232
696295
672917
70218
910550
547433
385236
925848
223754
245003
774305
263083
896891
828817
151679
19343
937102
892916
551387
815583
554069
818946
474327
930161
828855
313154
921704
246692
621754
439571
804441
574224
633327
485835
706635
731480
206334
409906
107308
466851
90418
205495
778464
249782
447052
883072
61188
888705
355535
175065
344491
72510
291319
746849
706702
366879
140372
884119
335840
921704
280909
878193
739865
667856
596760
658221
3878
113113
114553
77131
955425
227452
929832
157006
16303
61188
624535
831500
725270
502284
998988
710339
817544
489400
376632
409906
815583
811799
983192
584047
659602
827010
124309
993000
391869
791661
153216
334194
595085
385804
127173
827488
61188
245003
597586
631689
127173
658221
693828
661474
246032
70218
664918
779917
41810
330405
791661
141595
990463
632379
175815
937748
957920
818946
320370
937102
855845
391008
159182
5446
618648
659375
973849
721574
206334
462130
840449
108203
280069
18007
425995
774367
935034
17333
798634
512803
57634
971353
878193
285557
683312
713838
124786
68531
451792
90418
417075
739865
672917
121972
307718
527396
548242
818648
980319
990463
998988
693342
114908
953045
483226
263083
334194
612865
719411
362570
764232
977658
37181
271482
872900
153216
378457
149314
818648
957920
491346
92247
424306
739865
741974
249782
680082
611075
341132
5446
728317
424306
153216
598253
944821
513873
861773
896891
711382
341132
921612
790135
30853
114553
828855
641121
168071
796162
92247
779917
984741
855845
913713
945261
706975
38530
439571
62440
124943
828817
650072
785423
491346
410762
313154
532054
928426
851597
208988
311249
168071
133604
285557
950126
425995
355535
667856
730240
100488
798634
519595
598253
681452
303656
258861
693773
195639
299158
417075
614308
677685
181643
17333
942948
477028
175815
166632
477028
54863
177989
956471
643878
335840
637376
650072
746849
121972
163398
246692
647924
121972
711382
311249
658221
80661
439275
199911
912586
77131
621754
84213
160411
409906
624535
330209
173174
779917
551387
787334
367898
477028
566900
993000
424804
410762
896788
532054
439275
489400
942948
376221
657657
667856
153759
612865
596760
190263
199911
153216
124612
650072
208988
355535
245003
869030
365839
782151
451792
927689
364883
491572
196658
831500
379059
706702
883072
400683
945261
113113
871557
852137
993000
596760
410762
721574
595858
610845
204312
946980
946980
955425
3878
263083
223754
289752
132909
831500
598253
68884
693773
176678
159182
271156
927400
501416
61188
767358
175221
330405
39192
477028
693177
578284
195639
937102
153965
721574
37181
68884
852137
114553
331563
153216
41230
779917
343741
760579
885347
121972
84213
672576
417075
485835
702343
392083
730240
414369
358954
657657
595085
493031
719411
566900
813352
548242
798634
719411
566900
853387
5446
306710
683312
597586
124309
266174
804441
62440
20662
493609
672576
4101
739250
395775
435259
861773
706635
447052
706702
331563
10635
957920
146367
456372
491572
381507
414369
672576
17333
307126
140453
157006
719261
672576
445284
417075
990463
25262
785423
621754
741152
990463
608399
910550
677685
566900
611410
114908
828855
802212
937102
896774
578284
209654
153155
303656
64127
776042
159182
954961
391008
804441
974599
451792
998988
161446
227086
921704
790135
90418
3878
255496
913713
330209
108203
478675
909840
778464
518251
565477
574224
829364
813352
347485
721574
313154
937102
41230
484360
743929
146367
739250
425995
409906
376221
12497
693773
54863
610845
624267
395775
196658
208988
518251
972040
502284
437718
283689
255496
896891
283689
422008
819965
124309
378457
848236
291519
474327
5685
41810
990463
245641
477028
725270
362570
554069
827010
195924
913713
503322
331563
537311
819965
958819
37181
957920
70218
921704
793691
925987
779917
360637
9368
16303
818648
395775
954961
664918
199911
896891
313760
719261
358954
5446
638770
258861
57634
706702
445597
785423
760579
719411
661474
330405
377522
804441
998988
344491
376697
657657
3795
910550
604367
477625
796162
527396
926028
476773
608399
885347
153155
513873
827010
477028
379059
72510
376632
595858
493609
813409
843834
494395
774305
190263
706635
107308
551387
439275
569066
569066
110356
829364
884119
530309
884119
462130
741648
704187
175221
520051
809585
305634
299158
243420
731269
41810
16303
60687
694150
343741
980319
824892
368781
392365
827010
313154
275996
48233
275996
307718
77131
984741
384431
5446
451792
439571
407611
54606
595085
649805
283689
190263
204312
973849
18352
271156
694150
659101
885347
872900
564822
39763
101786
263403
537786
913713
878831
299158
154411
861773
376697
853387
957920
108525
307126
518251
424804
268567
869030
942948
307126
335840
406033
358954
730240
249794
114908
1
837540
110356
621754
969792
659101
369036
719411
227086
767358
731480
491346
577635
406033
637376
171218
934826
159182
223754
291519
395775
945261
921704
819965
596760
435259
942948
349650
767358
72510
982170
382209
882133
330405
358937
728317
44821
124612
175221
395775
680082
153759
782151
819965
596760
92247
299158
424804
39763
968141
681452
852137
19343
493031
878831
491369
107308
638987
395775
782151
108203
335846
439275
614308
778464
12497
20662
977658
843834
892916
840449
857922
817544
942948
68531
341132
424804
852137
420127
246692
638770
44821
819965
487585
912583
489400
638770
535875
381507
565477
614308
598253
410762
132909
364883
358937
935034
263403
964130
638770
379059
209654
382209
896788
70218
303656
910550
409176
271156
255251
983192
883072
280537
269106
513873
187248
121138
407611
554069
657657
415986
183381
680376
638770
638770
659101
680082
275136
883072
121972
358954
107312
479229
827488
283689
791661
336251
983192
64127
153216
108203
1
296008
790135
204312
358937
706635
793691
693828
455453
809585
376697
645405
513474
785423
621754
713868
840449
378457
307126
888022
518251
263403
478675
269106
140372
527396
107312
869030
713868
611442
659602
27510
107312
336251
813409
637376
725270
134772
267912
684919
978983
680376
391869
645437
624267
153759
209654
937748
800246
299158
719261
548242
157006
18352
422008
409906
275996
87550
175221
268567
400683
613099
318206
953045
684919
958819
458914
831500
187248
818946
196658
149314
741648
978587
584047
376697
955425
840449
447403
793691
672917
537311
557422
456372
127173
869030
9368
447052
159182
647924
614308
537786
107308
90418
713838
950126
60687
503738
491346
896891
108203
672917
937748
650072
978587
385804
715523
167027
466851
114908
612036
774367
27510
584047
993194
927689
811799
168071
70630
827488
269106
307126
227452
843834
659602
84960
921612
331563
349650
554069
659602
313760
101786
892916
349650
150710
631689
860372
17333
828817
447052
20780
5446
596306
871557
912586
958819
54606
774367
424804
376697
934826
574224
503738
848236
935034
671185
774367
645405
877014
354126
363295
677685
57634
305473
713838
94967
828817
183381
94672
271156
611075
888705
154311
641121
336251
659101
631689
493804
378457
255496
730240
535875
448678
628617
223754
160411
513474
4101
341556
612036
942948
641121
818946
658221
114553
784218
645437
801114
66974
310014
388439
693342
368781
153965
877014
414909
275996
176678
731480
861773
285557
680376
101397
1
38530
816123
311249
54606
827488
330209
271156
693177
759209
784218
114702
790122
764232
728317
466851
612865
471280
877014
305473
620715
614308
41230
474445
171218
983192
997629
355535
620715
263083
20662
843834
243420
406033
596760
462130
263510
111991
12497
142963
334194
926028
832484
335910
800246
739865
420127
997629
133604
183381
974599
853387
955425
381507
997629
80565
140453
369036
385804
274290
171218
447403
343741
307718
831500
706702
77131
166632
439275
604367
18007
937102
455453
280909
668338
320370
983192
245086
479229
341757
566900
982170
577635
330405
493804
439275
697415
255251
87550
539427
275996
424804
793691
391869
981286
4101
610268
535382
892737
20780
269106
493609
251365
693828
853387
910550
191452
263403
445597
705458
782151
251365
195639
455453
815583
275996
474327
912583
344491
68018
950798
425995
447371
782151
474327
223754
243420
608399
291519
341556
400683
927400
784218
385804
341132
391869
632379
519595
25812
595858
882133
628617
493031
18007
388439
869030
896788
363295
5685
513873
424810
105892
275136
334194
819965
102902
672917
764232
195924
263510
121138
840449
706702
320370
671185
819965
604367
791661
633327
596760
396365
672917
39763
66689
726607
912586
813409
683312
90327
133604
925848
5446
171218
733497
668338
950126
888022
693773
493031
313760
532054
551783
384431
406033
44821
818946
638987
311249
519595
925848
448678
299158
741648
978983
598253
4101
52078
657657
531857
828855
633327
110356
790122
360637
101786
437718
631689
392365
631689
610845
912640
141595
102902
790122
274290
913713
64127
113113
491369
945261
719262
347485
740018
37181
392167
733497
659375
313760
305634
439571
978983
662686
283130
818648
161446
245641
458914
269106
997779
307126
896788
501416
787334
341132
392083
725270
227452
643878
667856
274290
974599
615930
598253
537311
680279
677685
255496
395775
175221
330209
462130
964878
3795
483226
424804
728317
857922
998988
263510
977658
132909
385236
990463
343169
926028
672917
223754
114679
527396
7561
596306
330209
709887
70630
956471
672917
661834
289752
269106
415986
330209
584047
978587
245641
269106
311982
709887
502284
121138
520051
271156
335840
447403
124612
84213
249794
595858
719262
318206
638991
697415
19343
982170
638770
153759
998988
341757
659101
955425
741974
132909
853387
817544
54863
818946
25812
84213
628617
276227
124612
809585
10635
376632
612036
612865
445597
927689
54863
451792
696295
851597
693828
435259
335846
424810
124309
611075
358937
877049
659375
14442
377522
199911
38220
790122
263083
632379
955425
268567
998988
946980
494395
728317
101397
266174
997629
702343
124612
94672
462130
159182
661834
159182
68884
268567
958819
743929
162828
455453
502284
787334
791405
392167
930163
39763
422008
577635
318206
584047
369036
124943
945261
611442
803441
974599
415986
645405
790122
890791
382209
139947
410762
196658
872900
283130
243420
341757
743929
925848
12497
7561
484360
513474
142963
611410
983556
809585
330209
491346
415986
409176
733497
950126
860372
271156
706995
153216
474445
414369
853434
301407
114702
444841
773822
258861
977658
121138
92247
291319
84213
471280
263510
7561
396365
513873
913713
271482
37181
934826
287126
888705
860372
672917
681452
102902
249782
944821
166632
68884
896891
611075
335840
667856
928426
153216
16303
974599
686728
124943
369036
809585
928426
451792
62440
435259
798634
349650
483226
77131
268567
439275
388439
888022
341757
318206
829364
779917
910550
971353
530309
175815
462130
108214
208988
249794
171218
84960
811799
921613
681155
366879
9368
954520
108203
12497
969792
831500
934826
645405
331563
977658
790135
439275
74702
25812
274290
759209
220338
318206
731269
25262
977658
344491
608399
611075
819965
562999
927689
121972
750098
110356
912583
791661
574224
595085
995716
132909
884119
17333
532054
105892
956471
111991
709887
187248
195924
877014
484360
263403
615930
322109
211738
697415
930163
209654
798634
680376
977658
3795
993194
964130
20662
368781
255251
935034
382209
121972
677685
608399
195924
491346
595085
168071
824892
199911
837540
693177
706635
615930
811799
140453
658221
956471
684919
597586
577635
896891
978587
4032
358954
320370
19343
818648
811799
162828
846596
431228
157006
102414
211738
705458
405806
885347
385804
322109
779917
175815
471280
672576
426594
313760
964878
392365
697415
39192
12497
335840
318204
68884
437718
790135
68531
464614
406033
289948
102902
849926
601491
21447
878345
355535
140453
791661
532054
681452
245003
719411
456372
57634
964878
43767
614308
121138
494395
5446
41810
391869
774305
530309
812405
557422
767358
677685
886973
645405
291319
537311
245086
927400
978983
827010
711382
980319
954520
107308
439571
392365
66974
491346
424306
739865
927689
249794
227086
827488
445597
140453
164518
778464
138584
813352
547433
347485
407611
263083
969970
57634
478675
535382
208988
684919
341556
964878
263083
491369
811799
385236
415986
825660
347485
964878
912640
803441
385236
562999
719262
330405
483226
513873
493804
114553
102414
275136
710339
62440
615930
615930
680082
341556
64127
809585
713868
491369
804441
108214
44821
307718
896788
809585
223853
706995
937102
596760
798634
110356
431228
503322
431228
548242
643878
684919
995716
946980
818648
715523
90418
183381
243420
163398
363295
705458
869030
537311
533283
638987
276227
624535
774305
324068
855845
21447
90327
921612
269042
818946
291519
957920
38530
971353
890791
3878
683312
819965
569066
651005
124786
884119
21447
87550
175065
672917
852137
519595
882133
837540
993000
266069
311249
779917
335840
459828
161446
381507
3878
888022
84213
569066
17333
62440
804441
127173
664918
249794
70218
818946
149314
424306
611410
733497
305473
890791
743929
535875
343169
533283
363295
227086
92247
41230
291519
767358
719261
435259
44821
574224
108203
950798
597586
92247
624267
995716
671185
1
818946
316016
791661
645437
124786
997779
888022
638987
598253
760579
725270
715523
826943
829364
154411
578284
149314
14442
578284
94672
124786
774305
621754
750098
140453
216166
267912
853387
124943
80661
444841
102414
360637
816123
385804
741648
276227
892737
774305
70630
318206
921612
713838
743929
638987
154411
392365
275996
445284
493804
235750
518251
458914
271482
447371
124943
17333
39192
424810
114702
782522
803441
67809
324068
211738
814723
942948
620715
379059
113113
738547
997629
657657
631689
433900
957920
37181
912586
728317
330405
414369
6411
415986
245086
928426
478675
978983
520051
995716
998988
477028
782522
829364
502284
877333
840449
624267
124943
1
303656
772597
878345
871933
982170
114679
485835
954520
38220
554069
537311
925848
821597
993000
266174
27510
531857
87550
782151
739865
969970
610845
161446
330405
227452
843834
857922
16303
124309
25812
176678
54606
626257
451792
613099
330209
135190
513474
852137
444841
458914
391008
7561
649805
195924
346340
893499
391869
607823
519595
813352
3878
17333
384431
661474
814723
173174
518251
121972
368781
364883
72510
347485
927689
890791
860372
760579
162828
190263
462130
66689
512803
746767
68884
391869
782151
696295
638987
269022
812405
684919
561565
251365
37181
334194
702343
474445
731269
21447
888705
662686
657887
376632
47092
3878
111670
249794
255496
18007
268567
41810
153965
163398
299158
166632
818946
101397
409906
883072
157006
532054
637298
767358
774305
887237
181643
981286
913713
623429
798634
694150
263083
382820
227452
984741
124786
779917
142963
785423
750098
649805
20466
719411
693177
950798
817544
255251
782151
84213
392248
376221
191452
303656
159182
878345
521936
730240
772597
694150
466851
672917
374986
417075
535382
372411
391008
379059
215615
827010
318206
376632
871933
621754
111206
60687
3795
447403
41810
578284
857922
406033
376697
124786
741974
620715
227086
396365
562999
637298
358954
696295
391869
124612
10635
921612
518251
886973
365839
953045
896891
912586
898913
831500
161818
367898
983556
447052
18352
382820
883480
18007
578284
263403
136010
396365
384431
886973
721574
950126
311249
650072
4101
291519
829364
803662
384431
709887
972040
358954
658221
498262
832484
884119
487585
47092
451792
574224
439275
134772
255496
561565
782151
121138
672576
680082
146367
621754
111991
978587
166632
243420
800246
817544
305634
379059
658221
574224
205495
983556
409906
551783
134772
311982
439571
812405
721574
818946
521409
316016
719262
418396
336251
657657
801114
457760
990463
4032
684919
153965
824892
811799
611410
101397
57634
392083
740018
684919
798691
793597
429776
385804
376697
171218
488493
624535
318206
532054
706702
138584
108525
160411
610788
18007
547433
738547
790135
659375
896774
577635
100488
612865
502284
175815
358954
322109
208988
268788
68884
433365
227452
764232
455453
121972
912583
912586
474445
746767
142963
124943
598253
344491
44821
741648
846596
910550
388439
773822
925987
877049
829364
883480
521936
574224
501416
368781
301018
401568
283689
376632
633640
271156
651005
696295
27510
243420
146367
27110
637298
693177
149314
3795
84960
731269
955425
285557
837540
255496
743929
530309
451792
659375
661834
124943
681452
90497
246032
108525
9860
764232
29752
466851
638770
374986
631689
417075
518251
68884
896891
311249
70630
711382
343741
825660
633640
162764
64127
124786
401568
990463
324068
977658
349650
610788
893280
578284
981286
283689
537311
818946
925987
12497
343741
821597
620715
52078
108203
261784
27510
14442
857922
376221
322109
513873
347485
431228
246692
886702
37181
721574
420127
950798
910382
426594
693773
376632
739250
746767
140453
14234
658221
195639
815583
335840
21447
291519
124786
70218
633327
316016
39192
108214
537786
950798
801114
41810
10635
659375
395775
267912
598253
502284
331515
871557
782522
892737
731480
6411
803662
889994
774305
797124
291519
896891
710339
168071
154311
415986
249794
501416
255251
7561
392167
153216
114679
43282
35319
18007
814723
384431
422008
280909
80661
216166
709887
14442
814723
730240
94967
636930
362570
153155
726632
433365
855845
341132
307718
318204
61188
817544
341556
566900
831500
983556
916680
950126
791405
697415
537311
437718
525534
280537
444841
887237
84213
498262
666471
869030
124943
680376
19343
343169
360637
20780
611442
730240
845833
961779
709887
255918
596760
612865
159182
888022
666471
661474
713838
681155
667856
107308
877333
263510
638770
78541
114702
638987
10635
680082
382209
78541
501416
9860
187248
14234
927689
878193
861773
354126
892916
804441
791661
101786
25262
358954
30853
16303
489400
995716
910550
633327
392365
681452
686745
816123
355535
160411
479229
503738
391869
577635
597144
493609
621754
78541
927400
641121
488493
672917
477028
435259
266069
474327
12497
731480
878345
955293
445284
299158
930161
977484
266174
662686
384431
456372
431228
681155
70218
414909
930161
595085
661834
391008
100488
376697
946980
661474
38530
645405
610788
196658
476773
417075
661474
448820
335840
978587
344491
618802
818946
334194
43282
287126
638991
645074
926379
4101
513586
999277
855101
942948
719261
208988
153759
205495
877333
731480
569066
166632
851597
310014
66974
693342
680082
388439
503738
981286
926028
738547
785423
791405
693773
513474
683312
604367
776042
610788
19343
491369
746767
489400
420818
108214
122430
354126
283130
456372
407611
84213
955293
681155
223754
433900
904992
25262
667856
898913
684919
741152
651005
697415
977484
318206
190263
406033
855101
926379
596306
108203
303656
161818
70218
548242
909840
978983
921612
993000
358937
871088
774305
512803
125514
263510
195924
896774
719262
488493
662655
391869
909840
887237
98832
607979
661474
785423
826943
726632
953045
157006
439571
484360
77131
261784
715692
313760
429776
341556
706995
533283
425995
77131
364883
983556
201570
912583
107312
741648
853387
934826
950126
626257
878193
67809
344012
643878
672917
108203
813409
406033
87550
123692
612036
343741
726632
187248
845833
532054
972889
498262
335846
444841
476773
161446
84960
984741
422008
341556
855845
950126
215615
363295
413081
565477
491346
968141
672576
848236
984741
962314
105892
726632
944821
686745
849926
77131
957920
513474
341757
424804
728317
852700
433365
972889
139947
124786
114679
928426
289948
489400
437718
445597
813352
925987
877014
638991
551387
874979
216166
177989
167027
18352
993194
740904
962314
890869
431228
793691
740018
557422
969970
102414
61188
797124
114553
291319
620910
448678
562999
645074
161818
25262
697415
954961
852137
220338
611410
513586
997629
299158
268567
741974
964130
303656
477028
491346
420818
997779
871557
758952
713838
415986
173174
614308
435259
474327
726632
378457
950126
457925
561565
832484
705458
790122
135190
852700
878831
827488
913181
25812
299158
632379
980319
719411
206334
275136
313760
372411
610845
659602
114908
157006
462130
322109
641121
245003
111206
746767
385804
344012
565477
414369
38530
445597
123692
17333
778464
39192
778464
18352
811799
733497
791661
837540
816123
677685
138584
84213
741974
138584
728317
358954
614308
146367
162828
997779
12296
280069
983556
981286
972889
307126
883072
764232
235750
972040
726607
41230
384431
39763
336251
154411
817544
888705
869095
388439
741152
269106
535382
111991
146367
997779
255496
269042
161446
624535
910382
607823
474327
151679
344491
513874
608399
853387
104376
832484
63539
793691
872900
611410
597586
133604
80661
330209
551387
195924
330209
376697
502284
7561
44821
285
784585
229346
702343
878831
941980
162828
886702
295253
527396
790135
650072
852700
927400
863475
828817
935034
330209
161446
360637
796162
101397
354126
433900
659101
944821
94967
624267
20662
664918
525534
280069
429776
596306
303656
344491
607979
153759
896788
133604
934826
877049
376697
633640
483226
269106
305473
758952
798691
341556
793691
175221
331515
334194
77131
741648
133604
132909
114679
140453
686728
971353
477028
90497
287333
464614
491572
693177
681155
811799
52078
719262
451792
726632
134772
445597
102414
611075
843834
271156
743929
912640
973849
227086
451792
292794
621754
881749
7561
191452
614308
108525
66974
921612
134772
980319
367898
72510
362348
478675
930161
110356
66689
111670
160411
433900
509732
930163
114679
125514
70218
730240
502284
904992
183381
392248
503567
743929
930161
301270
5446
812405
739865
821597
190263
335846
227452
94967
650072
94672
739250
972040
997779
175065
123692
66689
610268
267912
498262
683312
245003
435259
706995
355535
249782
935034
263083
429776
817544
787334
336251
710339
529809
290911
697737
538222
25812
645074
946980
877333
68018
14234
324068
740018
595858
804441
10635
382209
824892
303656
985824
111921
520011
35319
513874
149314
269106
64127
103093
882133
596306
10635
101786
173174
878193
604367
266069
360637
38220
984741
884435
993000
344491
258861
439571
134772
255251
645405
19343
9860
877333
108203
330209
246692
445284
385236
871088
384431
953045
925848
925987
395271
955293
925848
263403
204312
937102
456372
493804
175815
693342
220338
325140
433365
187248
538222
491572
94967
280537
3795
909840
913181
285
20780
369036
358954
289752
269022
201570
487585
94672
518251
263403
223853
267912
362570
209712
113090
263083
718816
340644
700964
105892
715523
5446
307718
604367
890869
268567
67809
111921
347485
725812
719411
66689
20466
728317
301270
409906
491572
206334
890791
566900
67809
171218
368781
977658
803662
358937
121972
885347
274290
916680
220338
706635
513586
280069
921613
521936
68268
37181
950126
548242
39673
803662
410762
569066
392083
124612
484360
926379
295253
27510
415986
266069
715523
737587
107312
343741
527396
779917
937748
513874
303656
5446
151679
746767
38530
331515
20466
414909
25812
199911
196658
54863
480278
956471
413081
645437
681452
595085
776042
779917
362348
569134
557422
266069
941980
968141
931950
737587
108525
201570
323145
726607
341556
659602
269042
20780
487585
985824
565299
230149
433365
263083
111206
912586
537786
596760
929832
341132
322109
898705
930163
283689
282880
502409
791661
705458
731480
269022
662686
596760
68268
43282
650072
520011
658221
583570
154411
140372
893499
14234
68268
758952
760579
620715
733497
474445
840449
798634
154952
607979
396365
950798
615930
525534
916680
936659
87550
344012
30853
883072
20780
439275
484360
18352
150710
997629
611075
741648
567624
662655
114679
129481
633640
910550
706702
961779
21447
491346
821597
793597
650072
623429
320370
956471
921704
942503
287333
719262
957920
790135
520051
77131
364883
3878
896891
797124
767358
607979
538222
424306
896891
680279
159182
458914
664918
890791
483226
527396
121138
958819
629116
171218
261784
912586
502284
926028
793597
157006
931950
812405
462130
111670
851597
269042
816123
16303
659375
57634
618648
680279
268567
409176
743929
941980
74192
904992
290911
855845
39693
461641
201570
782151
369036
912583
301270
38220
596760
341132
509732
672917
447052
610788
382820
662655
336296
42574
171218
417075
245641
104376
964878
604019
680082
707673
784585
680279
776042
853434
624267
149314
305473
66689
995934
813270
258861
367898
950798
147080
658221
693773
811799
741974
519595
521409
888022
529809
35794
914987
912640
43282
255496
607979
705458
705458
787334
287126
525534
283689
335840
392365
52078
719261
650072
515499
529809
574224
173174
728317
289752
195924
815583
196658
378457
162828
706975
381507
4032
122430
124943
513874
171218
391008
955293
484360
385804
77131
818946
424810
978983
343741
246692
629116
44821
638991
476773
60687
20780
637298
930161
101397
269106
721574
111670
814723
877049
466851
153216
60687
680082
993194
733497
828817
491572
313760
643878
955425
363295
994460
318204
209712
111991
25812
320370
739865
779917
811799
75404
715692
956471
828855
574224
376632
846596
751102
74702
474327
683312
87550
983556
878345
132909
395271
739865
476773
643878
171218
103093
114908
301018
445284
362570
7561
307126
871933
385804
791661
391869
578284
491346
41810
287333
637298
378457
460307
168071
334194
869030
533283
376632
323145
305473
318204
621754
926028
745898
904992
493031
60687
707673
793597
287126
877014
705458
886973
68018
13218
751102
767358
493031
871557
950798
216166
584047
620715
113090
774305
791661
377522
637376
614308
969970
11372
232017
493804
877014
802212
604367
843834
852137
420127
706995
20780
611442
296008
161818
798634
56797
266174
75404
779917
441174
90497
930163
578284
245003
107308
398202
12497
255251
637376
153759
107312
739865
489400
291519
215615
945261
282880
41810
340644
659101
904992
787334
464614
661834
728317
41230
551387
910382
944821
134772
473970
821597
13218
878345
296008
569066
433365
376632
666471
343741
518251
851597
458004
245086
61188
613099
313154
608399
477625
664918
433900
664918
401568
888705
37181
159182
624942
513586
797124
877014
612865
307126
123692
537786
641121
153216
341757
290911
738547
135190
227086
478675
477625
610268
280537
398202
464614
246032
912640
90327
871557
638987
725812
195639
301407
70218
37181
852700
953045
274290
70630
1
936819
379059
392365
360637
797124
803662
574224
190263
671185
813270
582421
964028
223853
936819
681452
480278
572130
372411
633327
173174
875295
705458
111991
891261
209654
596306
997779
741974
420127
752282
330405
54863
94967
860372
102414
925987
548242
448820
813352
142963
330405
888705
347485
969792
335846
21447
972040
636930
942503
813270
634249
398202
485835
420818
612036
739865
211738
424810
785423
537311
410762
206334
335840
424804
5706
787334
173174
64127
385804
936659
551387
728317
107308
5120
620715
913181
54606
480278
285557
11372
299452
39192
551387
448820
626257
597586
134772
539427
884435
5120
54863
451792
921704
111670
861773
433900
110356
790135
276227
611410
400683
953045
782522
100488
267912
566900
335910
147080
185631
255251
657887
58518
477625
398202
999277
371223
262813
995934
299158
9368
43767
125514
851597
624942
693177
909840
224871
376697
683312
230149
5685
698226
513874
356204
299158
885347
697415
376697
964130
921612
84960
185396
286536
520011
17333
733497
54606
485835
809585
249782
103093
805148
329810
768327
869030
874979
162500
702343
633640
828855
190263
998988
3021
445597
17333
993194
67809
455453
826943
151679
406288
871557
596760
535875
538222
108525
724198
134772
58518
638770
786288
43282
601491
154311
12296
70630
731480
90327
819965
131227
535875
683312
853387
396365
325140
741648
574224
17333
111991
772597
955293
601491
680082
562999
529809
739721
533391
311982
451792
39903
5685
392083
11372
980319
368781
638991
154411
937102
611410
613099
447052
347485
445597
293985
148638
773822
111206
378457
827010
500562
114553
962314
803662
697737
307718
824892
275136
62440
199911
764232
624942
286536
794424
153965
280069
557422
153965
251365
521409
68884
268567
289752
409176
706995
301018
774367
366879
512803
311982
956471
410762
706995
263083
584047
104376
187248
291319
149314
101786
11372
305634
513586
831500
671185
662655
17333
323145
280537
597144
317701
611410
361446
493609
562999
139947
371223
638770
237159
852700
136010
245641
846596
90418
388459
584047
39693
379059
224871
643878
513873
809585
636930
401568
335846
71819
882133
954520
872900
341132
283689
307126
274290
249782
313154
364883
650072
266069
930161
715523
255918
424306
330405
458914
680279
175065
827488
406288
840449
608399
502409
111921
704187
883480
391869
343169
818648
502284
360637
471280
955293
634249
307126
331563
153965
826943
317701
942948
271482
303656
476773
629116
39763
884435
107312
944821
815583
376697
41810
295253
392248
347485
318204
410762
493031
597586
683256
9368
94967
471280
289752
415986
48233
643878
283689
13218
285557
266174
878345
292794
818648
706635
945261
349650
641121
175815
731480
355535
643878
713868
706702
114679
793597
420818
913181
209712
43767
713868
624267
19343
114908
458914
503567
464614
801114
134772
388439
445597
696295
620715
693828
364883
782151
912640
287126
61188
114679
624942
804441
90327
649805
479229
547433
423104
709887
977658
503567
513873
268788
632379
353463
199911
268567
341757
418396
63539
921704
187248
578284
35794
811799
268788
693773
782522
175815
909840
455453
607979
459828
890791
694150
341556
90327
57634
64127
94967
473970
888022
647924
713838
447403
968141
410762
840449
243420
845833
557422
972040
724198
144979
954520
331563
925987
491572
25262
934826
144979
554069
311249
484360
10635
90418
562999
804441
461641
378457
572130
354126
305473
20662
954961
645437
926028
532054
802212
596306
595085
562999
726607
598253
641121
711382
936819
3021
255177
295253
271482
263510
921613
525534
693342
643878
111670
758952
813352
964028
140372
263510
595858
843834
356204
604367
519595
283130
108214
514392
374986
161818
381507
235750
661474
878193
149801
721574
125514
518251
199911
140453
74192
37181
851597
793691
845833
474327
492108
448820
376697
266069
702343
149801
728317
760579
941980
512803
651005
930163
551783
652964
111921
280537
376697
266174
460307
84960
323145
828855
358954
271156
889994
296425
980319
928426
711382
160411
103093
372411
70630
973849
711382
597144
998333
405806
459828
491572
878193
107308
774367
123692
161446
74702
208988
565477
964130
275136
341851
94967
641121
998988
477028
392167
548242
111670
983556
826943
140453
291319
828938
346340
20466
882133
71819
892916
299452
417075
828817
477625
883072
249794
250401
961779
686728
910550
245641
711382
855101
562999
604019
94672
557422
878345
181030
819965
684919
813409
153687
569134
662655
883480
485835
719262
365839
142963
750098
275996
21447
1
108525
825675
857922
877333
937748
101786
87550
931950
977484
779649
533391
790135
372411
535875
68531
110290
358954
683256
719411
784585
134772
721900
105892
473970
972040
41810
852137
274290
18352
244373
826943
537311
341757
235750
488084
455453
829364
38220
725270
361446
318206
719261
953045
103093
168071
790122
525534
224904
324068
595858
725270
491572
275996
725812
388439
865309
977658
582421
230149
35794
913713
167027
195639
946980
455453
331563
153155
671185
945261
415986
329810
706702
895577
283130
493804
583570
704187
608399
441174
444841
101786
969970
227240
324068
495581
491346
913713
484360
972040
78541
291319
3021
855101
395271
476773
94672
697415
244373
269042
693177
821597
532054
686728
921704
706995
27510
683312
243420
149314
245003
195924
330209
493031
827010
719261
871557
802212
739721
484360
420127
664918
296425
948679
423104
875295
993000
456372
285557
287333
437718
153687
668338
643878
474327
726632
105892
513874
935034
483265
659375
881556
531857
144979
578284
947165
958819
291519
910382
518251
826943
680279
29752
800713
509732
329810
829364
98832
62440
820270
263403
276227
993194
90327
83236
209712
778464
420818
815583
43767
947165
491572
307718
14234
78541
52078
643878
175815
604367
229346
138584
255177
657657
734718
731269
176678
160411
853387
478675
340644
930161
684919
127173
161446
9860
713838
928426
877014
84213
424306
798634
752282
159182
124309
832484
783325
913181
501416
817544
651005
224871
150710
661474
645074
184686
957920
113090
852137
291519
187248
341851
909840
912640
898913
657887
745898
829364
299158
502409
719411
994460
737587
13218
299158
945261
108203
451792
124786
110356
316016
725812
638770
662873
246425
20721
429364
422008
355535
102902
706635
301018
431228
345313
613099
946795
386985
597144
557422
108203
719262
289948
185396
451792
292794
114679
562999
429364
816804
223853
186926
758952
20466
715523
418396
878193
488084
972040
896774
238777
993194
131227
110290
208988
930161
610845
483265
813352
782151
68531
794424
704187
456142
474327
725812
153759
154411
849926
633327
299158
739250
285
893499
912586
299452
633327
990463
84213
697737
305473
435259
267912
892916
3021
445597
492108
942948
503322
418396
384431
224904
204312
48233
71017
230149
364883
662873
971353
445284
925848
743395
565606
471280
382209
883072
407611
695207
483265
166632
872900
664918
944821
71819
318204
132216
295253
39673
3021
101397
686745
269022
502284
330209
159182
774367
101397
491369
122430
474327
759209
737587
27510
336251
208988
471280
418396
728317
684919
162828
664918
683256
501416
105892
945261
358954
772597
25812
791661
577635
166632
502284
964130
811966
241789
734718
615930
502284
362348
530309
189517
307718
551387
912583
255177
473970
457760
160411
241789
10635
521409
135138
494395
448090
969970
837540
133604
420818
621754
489400
707673
479803
601491
100488
958819
431652
124786
134772
459441
175815
620910
793597
209712
289752
719411
108525
54606
564822
388459
662655
509732
30853
683312
362570
305473
305473
313760
537311
974599
90497
84960
828938
341556
954961
418396
537311
955195
930163
102414
576262
626257
409176
828938
406033
195924
30889
258861
620143
725270
601491
697737
488493
743929
299158
124309
508636
737587
101397
730240
828817
913713
502409
645437
176678
204312
78276
990463
378457
955293
39192
263083
22940
17333
735457
998988
953045
159182
149314
83236
601491
263554
668766
355484
146367
358937
388459
877014
48233
310014
276225
87550
909840
545481
205495
395775
296425
620715
778464
931950
726632
666471
77131
387650
957920
548242
721574
524132
68531
500562
280537
329810
474780
305634
114702
768327
645074
805148
90418
521936
610845
946795
793597
683256
520051
90497
946795
774367
725812
768327
942948
910550
793691
296008
702343
554314
324068
477625
518251
3021
503738
998988
741152
292794
832484
706702
551783
54606
577635
557422
731480
537311
290911
695207
441174
779649
415986
395271
611410
58518
422008
998988
361446
211133
961221
376221
459441
683312
877049
206334
934826
422008
636360
135138
401568
287126
29752
343741
973849
456372
215336
882133
745898
523197
944464
840449
964130
287333
398202
123692
227086
153216
14234
968141
41230
498262
931950
743395
114553
957920
80565
829364
78560
211738
674401
488493
657887
78276
524132
984741
521936
18352
614308
395271
983556
942977
395271
706995
457760
204312
90418
738547
413081
14234
52078
488493
159182
388459
67809
171218
20780
623429
102902
75404
330607
30853
204312
71819
320370
629116
78560
245086
168071
743395
721900
827488
801114
90418
626257
29134
374986
360637
424810
895577
719411
604367
346340
301270
668766
577635
177989
877049
638987
831500
956639
969792
111670
503322
693773
60924
71017
719261
38220
511459
292273
111670
391869
58518
969792
954520
937102
994460
39903
54606
173174
740018
201570
164518
554314
376452
796162
513873
150710
465885
280909
877049
387650
601491
275136
968141
671117
843834
750098
914987
710339
103093
774367
392083
927400
317701
385804
154411
719262
827010
362348
936755
752282
429776
565477
493031
162764
800246
263510
845833
855101
985824
457760
271156
134772
728317
367898
61188
529809
205495
355535
313760
330607
376697
532054
530309
84213
255496
773822
113090
851597
816123
232017
817544
9368
750098
129481
347485
11372
166632
124786
299452
942977
652964
230149
666471
78560
261784
827764
524132
343741
964130
647924
632379
964028
545481
973929
928426
596306
503567
405806
954961
950126
74702
303656
275136
812405
846596
209712
930161
168071
741648
798691
175065
583570
328629
98832
250401
964130
161818
893499
861773
391008
405806
313760
65301
565477
667860
68531
223853
154311
611075
706635
27510
220326
263403
520201
492108
57634
645405
108525
176678
583570
852700
149801
241789
936659
406033
237159
848236
376697
977484
493804
520011
209712
107308
610268
910382
819965
187248
487585
13369
220326
888022
657657
60924
648073
695941
335840
60687
503738
206334
175815
881556
245641
301018
311249
884119
513874
596760
735128
124786
429364
668766
662655
275996
672917
623429
514392
659602
144979
420818
951636
973849
376697
78541
734718
281981
114233
694150
378726
869030
913181
557422
721900
195924
624535
785423
798634
790135
224871
244373
503738
637298
857922
186926
423104
779649
659101
376697
335846
706975
941980
355484
832484
674401
75404
374986
645437
133604
131227
12296
912586
253946
608883
509732
925848
160411
216166
132216
661474
251063
694150
423104
317831
881749
39673
523197
306710
886702
921612
292273
139947
489400
246692
39192
909840
648073
431652
547433
871933
629116
329810
124943
969970
498262
448678
220326
30889
365554
652964
324068
477568
901026
796313
878345
6411
803662
681155
686728
108203
790122
108214
114553
886702
877049
604367
798691
435486
721900
12296
993401
661474
478675
124943
758952
713838
374986
447403
725812
311982
387650
527396
166632
280909
954961
384431
889994
132909
493031
146367
334194
939198
460307
705458
243420
269022
344491
341132
395775
608883
695941
535382
419208
551387
280537
263083
928426
719411
341757
376697
63539
656533
208988
576132
255496
574224
520201
386985
982170
258861
706635
301018
647924
68884
117683
305634
575238
159182
618802
636360
509732
591297
980319
134772
459441
451792
521936
117683
896891
883072
613099
233362
980319
728317
779917
388439
990463
872900
479803
5446
162764
677685
448090
739721
734718
131743
607823
241789
941980
324068
793597
990463
572130
680279
503738
889994
91865
9860
43282
694426
977484
305473
353463
520051
820270
767358
205495
317701
223853
726632
548242
955425
737587
745898
721900
718816
662686
369036
956639
462130
124943
817878
739250
694426
121501
941980
362348
896891
30889
661474
845833
374986
892737
883072
892737
341757
328629
39673
164518
35319
127173
176678
271748
247665
738547
87926
1
898913
816804
565477
672917
317125
958819
289752
238777
129481
860372
521107
195924
87926
424810
493031
743395
181030
651005
358954
111670
704187
947450
776042
84213
493804
638991
168071
520051
303656
645437
17333
820270
884435
814723
705458
784585
487585
318206
726645
881749
539427
745898
672576
813409
704187
693177
921613
423104
249794
953045
21447
271748
151679
997779
813352
376452
811799
187248
724198
638987
993000
369036
66974
77131
387650
448820
958819
65301
594759
491369
448090
887237
877014
218903
326672
946980
20721
124612
354126
768327
746849
493804
18352
825660
328629
269042
596306
896891
334194
852370
746767
521107
832484
710339
414909
502284
726645
20780
285
518251
811966
103093
488493
317125
740018
876444
139947
291319
448678
740904
341556
611075
39903
227452
30889
61188
969792
317125
111670
37181
954961
693177
280537
790135
799970
474327
111991
754377
715523
208988
980319
255918
16082
596760
791661
335840
232017
779649
743929
418396
149314
471280
135190
693773
111206
281981
301018
614308
728803
978587
710339
578284
488493
246032
447403
947158
885347
355535
626257
946980
426594
711382
183381
324586
139947
994460
583737
98832
752282
405872
206334
790135
888705
556010
74702
466851
331563
636360
711382
883480
154411
71819
448678
110356
741152
173174
9368
367898
514392
705458
898913
898705
773138
620143
471280
185631
227452
923918
157006
877049
378726
681155
296425
706975
537786
198023
874979
335910
493031
166632
942551
341757
429364
805148
852700
230875
381507
680376
521936
554069
393234
251365
245641
124612
318204
422008
957920
664918
306710
633640
215336
4101
921613
624535
890869
218903
127173
135138
376697
311982
700964
255251
6411
5446
735128
249794
852700
355484
473970
149801
276225
715825
483226
20721
746767
391008
694150
354378
124612
181643
