582398
380097
848133
339885
927119
458759
757373
668016
967176
955996
539635
820973
652059
16096
385709
811627
703290
676291
518507
762426
734265
115686
797409
888868
797443
355115
132258
866966
968510
40684
145727
45169
663096
994119
362540
552335
433813
227293
820404
174330
562353
978116
323003
621370
965945
849175
343670
392633
677465
55572
757982
957938
366097
966929
563127
731188
676294
736224
214895
296591
674440
751692
190638
912832
209942
507589
366228
959378
399200
330639
428435
420184
188547
111148
503579
327668
672776
428466
611354
786750
490628
651975
660628
388494
414721
961045
657773
955209
861475
138957
831989
106196
154515
74633
646016
770510
825366
309569
367760
568208
519879
31603
531372
284311
878951
424499
804424
489067
593186
207965
495067
992729
300876
800309
263066
321246
653534
233954
395389
772389
172167
249744
239475
711605
156874
709008
698584
928338
987618
387972
115038
70066
840991
318306
7738
269993
585008
600118
555458
735954
154795
232897
756
931133
124727
239006
971129
802584
179369
606955
387175
891859
663991
624787
561546
289730
406360
974811
618065
801829
970983
39607
415202
98659
752117
978824
580412
202589
665494
412355
51217
954151
374748
796449
165860
926536
781529
547953
643620
894258
918664
685094
588584
688495
304318
790731
992149
19005
301257
440788
472390
781673
984337
493865
435141
564169
915242
957329
187151
404026
309465
415134
852159
72690
180510
906539
979183
124849
682599
488515
238863
885953
89760
640527
294859
874030
318038
214468
718913
334476
183214
650088
32616
613266
389096
172677
877365
173960
346009
890498
868910
445235
9646
91243
577568
314588
422074
282729
777441
671040
831993
963991
301697
705166
683538
765954
223313
305753
230677
983322
796726
954415
663384
99298
757394
148019
672408
192883
833387
163492
323837
591457
40813
477062
88918
970675
589629
100670
647254
474986
945118
631230
721709
699486
747095
112669
533094
833798
687592
285166
898426
21491
577830
348655
351713
736028
832778
981265
641247
676490
753525
961262
144600
575753
296357
635036
674433
229735
98608
367958
591851
811731
929891
660529
338416
581535
228963
450502
488783
250226
114237
36807
913229
737908
181758
821613
829899
880573
606725
33792
584605
825842
830178
383315
992766
724367
370761
617612
788903
308489
754695
818734
535965
893854
91760
829454
697507
556103
421578
425664
348624
911429
343961
621428
902468
697586
149130
325097
461153
866934
686270
795180
996398
293319
272675
873190
170580
308065
608929
703925
75485
825084
666006
409416
292757
128890
604557
621330
585972
738212
603085
961776
244570
295714
378731
839709
906525
527969
848310
731563
900686
721228
491465
913543
381916
716944
260706
587704
266316
259334
286864
294227
627433
647572
723070
741266
271250
803938
564562
493165
90304
556593
282094
509813
680431
958282
415221
377883
241547
424993
317483
203935
302055
572083
930176
254962
110939
419439
39564
705833
669329
270339
137708
773991
240678
598236
577424
820768
120377
140178
317784
956146
277329
289557
250700
351834
473429
43172
16644
166820
170359
973773
576672
244108
25833
748776
422419
141381
975937
252265
747559
426388
46356
393643
878709
176089
292900
471091
49479
179360
359811
193864
471692
896549
438887
734020
888151
373255
222932
804622
521581
501459
872355
645444
811512
607175
438267
943705
205549
465481
313490
925611
55450
947283
355003
850669
995377
226428
967136
753858
92717
107593
745943
974256
699167
687010
129690
78905
247789
10439
380420
242186
205140
735305
280553
810417
341248
941173
951595
294716
941211
73339
541766
852263
708567
598866
613281
917036
699411
337776
632929
126832
189427
635979
541692
655769
782264
651516
352964
898788
24187
69031
892398
895655
409817
911351
920459
553829
455449
163185
738868
997539
913634
201515
580957
108288
171850
460457
222209
248807
352552
459611
330607
910951
891229
599419
213189
465912
884067
626014
19224
422906
440638
163964
886520
249278
296285
972845
693234
962123
381379
697780
458485
667642
466223
139986
56410
544730
527346
965671
565206
857198
587870
892582
824251
313897
718804
108819
95669
42936
7203
118608
148954
96046
494817
759440
540448
607575
884591
196992
717498
945473
621073
629921
704504
226331
351457
853166
815660
981702
116054
647960
672627
48895
36892
103470
641498
768281
895699
538382
794686
176859
192830
753693
990089
232719
202140
645518
649389
370046
305407
915548
495981
424522
709898
960748
211818
373126
255142
511578
38393
318480
455771
646084
570726
782384
705701
223956
947720
175868
866143
1371
964755
19138
795443
482494
298055
801469
370426
808941
382414
754948
199649
447900
80635
15869
864610
915603
532366
907214
191799
181972
181313
933144
486327
471657
411470
327311
473598
230009
39147
486666
155433
309718
240049
182407
354839
143051
321355
480104
177924
27930
256329
322928
784993
132812
553001
945996
472234
673859
90548
77186
142555
132483
485243
831174
777227
61564
715314
2363
234494
664786
530317
687000
387831
951884
613404
213057
290642
593443
52866
648694
53588
203453
422551
581518
35529
659206
821107
334567
110945
47925
17481
98955
373010
56699
527944
398747
648568
53276
59505
674988
533355
175504
411026
281974
562721
525742
98120
495068
819686
265298
119286
177469
980318
861682
364876
981608
825269
790625
125523
439281
340870
592851
747376
136075
553603
791199
692271
455739
414256
43861
774525
982659
417028
370448
25141
44671
571362
318741
754156
280421
349509
445525
184350
358172
305560
784936
227426
199863
548889
161914
123056
561280
998316
967117
967819
337873
597218
850801
198563
986190
461622
945226
613408
28363
272463
818703
705758
948354
588108
372913
684830
90476
445961
159885
141579
61019
900497
476151
31360
240503
537605
363620
931454
579370
886453
353668
615382
690763
495958
831195
683651
996619
16176
909661
719252
334642
936504
581287
832070
888919
862154
720065
658421
777987
299210
467723
92781
475365
145511
709546
791573
253851
697719
684279
250533
340706
307623
417503
128896
540121
277847
979704
253517
275326
6405
780047
133024
160392
819341
746497
493052
562455
956405
396711
519908
604371
539542
282151
536646
945122
249463
98854
51880
710597
323699
495520
182182
590817
264386
155750
457967
203579
811825
518581
37177
474953
836162
572043
158705
497638
66408
929375
159094
164442
355142
705865
953977
830784
400406
944260
279548
465349
577196
241338
14934
986521
792982
591961
722657
310805
295151
608159
300184
157560
970700
738658
177102
203715
103068
755769
891330
95415
696129
951211
130475
961134
476789
643164
416693
669335
689031
624705
270181
887174
21756
811803
507817
368548
835785
560147
593699
8898
522794
794559
270849
580012
853180
660417
822893
672515
648661
43808
172277
131553
422418
142418
822420
586944
439453
668111
992349
62841
688236
431691
428170
87795
361161
653981
768513
616679
715171
138931
388031
440334
169249
834093
949821
917967
494431
831642
611193
926561
714017
40934
282147
990975
754521
306154
