1
1
609933
257993
1
463207
583009
556588
257993
556588
463207
583009
29139
687530
405009
556588
207483
583009
405009
29139
916157
255567
583009
556588
463207
862398
845529
511187
350971
658260
207483
583009
697782
320313
486829
405009
1
425285
425285
350971
1
998717
775642
207483
511187
970931
805002
697782
645838
687530
425285
257993
635477
645838
647627
217534
864179
235449
405009
511187
635477
217534
416673
658260
698429
807805
443364
330337
970931
802025
852442
548741
257993
405009
970931
645838
916157
852442
658260
265604
320313
802025
235449
863069
320313
257993
698429
645838
29139
645838
416673
284119
796387
632152
254131
4885
845529
609933
635477
805002
970931
401094
916157
813051
770838
661666
774667
658858
224696
224696
482757
813051
467197
390389
255567
257993
666194
388806
906614
432792
854531
645838
4885
866065
982763
666194
542278
852442
978570
796387
207483
854531
645838
645838
697782
66510
696722
207284
257993
180921
813587
284119
696722
873274
432792
854531
873274
556703
917755
614373
291150
475635
254131
775642
982261
235449
449737
388806
982763
712714
584647
84768
687530
330337
84768
635477
992917
2858
443790
829121
350971
255567
594072
765273
633397
658858
174100
809088
541428
2858
390389
816367
693230
571739
465661
647627
28849
255567
556703
497117
135858
115088
925204
998717
821850
350971
291150
864179
809088
465661
796387
179821
633397
647627
698429
475635
563057
693230
802025
737544
770838
186625
600597
186625
131348
809088
850741
467197
541428
463207
379737
318016
784558
405009
526520
42311
946751
693230
873274
681936
62148
320313
438986
379677
449737
563057
989088
255567
382900
62148
946751
645838
96616
451494
751144
26281
873274
432792
320313
330337
666194
956190
653060
530044
285645
805002
4885
323392
124536
989088
805002
66510
658260
42669
845529
401094
564646
432620
120810
659713
227207
130989
787801
511187
336793
382900
443364
321757
333469
658485
733007
813051
368566
279942
560170
448481
235449
886818
813587
796387
647627
291150
578272
916157
848827
275062
775642
854531
179821
743670
275062
390389
375806
600597
978570
481206
497117
432792
964447
925204
588560
443790
415158
712714
619338
186625
658485
886818
658260
645838
977058
178055
486829
614712
88534
96544
774667
457883
42311
845529
594072
578272
916157
635477
659713
355370
970931
18217
845529
773960
659713
168441
866065
644173
550100
712714
323307
848792
23771
800717
168441
898210
234579
658858
982261
336793
175955
661666
767863
770838
336793
186625
121567
923718
405009
609933
992917
467197
653060
402136
816367
735547
962617
254131
113624
457883
977058
945389
784558
784558
594854
379737
807805
512741
379677
989088
438986
401094
405009
658260
1071
816367
600597
788432
982763
956190
18217
848792
854531
863493
972532
33955
443790
66510
600597
402238
379677
739729
862398
863069
187241
583009
284119
898210
61701
783366
123725
480140
854531
267617
321757
467197
782572
186625
658260
357420
635477
216623
734612
279942
130467
129013
416673
451494
781105
176400
368566
512741
556703
782572
416673
115088
428148
705437
617103
579907
765273
600597
483218
906614
873665
737544
787801
62148
412810
788095
391615
863493
483218
29139
178055
679525
754435
643368
475635
773960
853226
336793
564646
584647
978570
647627
723531
982261
992265
431918
482757
533520
775642
66510
76733
739729
977058
59757
497296
661666
917755
979587
432792
578272
59757
311959
693230
697782
643368
781946
130467
373148
555253
43692
448481
958950
115088
292957
650482
475734
415158
681936
644173
479526
751144
405167
444071
26281
68392
743670
823023
813587
497117
659758
289973
402136
958950
658858
866370
630450
618530
5811
805002
849391
217534
382900
821814
564646
743670
866065
115088
43692
557601
556703
658485
571739
925204
265894
723531
415158
8651
954643
387974
653060
579907
448481
848827
100519
438986
881626
873665
709415
144256
316333
982763
811253
845918
906260
481206
683318
825515
123725
997044
550100
773960
390605
544903
594072
428148
357420
852442
821814
100519
449737
706595
249097
320313
2858
18217
954643
264967
300282
849391
347505
841461
556588
8020
396884
216623
234579
687530
621610
850741
215982
718172
497117
394354
706595
305821
566763
624092
14295
275477
903415
739729
323581
913434
998717
848792
121567
996462
596240
224334
156345
275477
57339
852442
76733
393320
637392
913434
428625
436419
207284
335860
657637
793297
824787
334784
186625
681936
415158
512741
59757
334079
408955
267347
323307
475734
624433
244281
712714
102044
954368
621610
524039
556588
112614
123725
560293
132023
619329
706595
563057
658485
235449
619338
579907
821814
653060
556588
601843
223321
390605
224696
754128
276308
207284
195739
813051
533366
394354
311959
560163
687530
687530
408955
135549
61701
666194
215982
994189
845918
609933
658485
954643
224696
945389
557601
209826
335860
495085
953402
243801
167247
229583
322018
790047
221251
59757
438986
473466
383530
289973
390389
398976
560293
584363
387974
958950
373071
273953
635477
262998
633397
124536
459917
318016
112614
647627
412810
118839
282157
658260
920357
100519
619338
658260
146717
20992
866065
526520
906260
383639
673814
497658
8088
267617
594072
27292
530044
398976
5811
653060
703226
906655
416673
93269
59594
484526
333469
537517
8020
918381
633397
699474
8020
124536
322018
596240
920357
497117
118839
483218
845913
705437
782572
68392
724698
854531
933560
354667
655169
380930
781105
692453
326602
911348
133323
405167
560163
249591
688874
55227
557601
467197
669592
209322
634420
323581
621610
1
242921
923718
977058
413802
614712
718172
174100
724745
190810
244541
624092
649772
947475
730194
729282
869998
526520
407933
178055
146717
221251
733007
939968
355370
890918
291504
60758
916157
249591
647627
686738
354667
723531
784111
666194
92701
112614
578289
835502
845918
59606
487424
529049
778378
321757
195271
530044
194546
552438
967946
497117
869998
978570
659455
609933
984666
320313
702544
649772
146717
871305
59606
13264
982763
154068
482757
623001
809088
653196
706595
279942
478076
101967
685657
88534
57446
872566
999191
894330
57446
594072
632152
234579
1
588975
980471
290690
534796
504092
759357
968651
665007
571863
315451
443364
633397
964447
273953
471585
512741
913243
383639
460574
334079
200118
571863
813228
153534
5105
372910
130467
265604
334079
350971
819137
111009
977058
981247
312662
290690
481027
194341
560163
956190
584363
223321
781946
65591
716794
372910
237086
972532
479526
821800
816497
709415
871305
871225
83904
805002
382681
158844
357420
249097
455897
458007
986129
2858
129013
913434
336793
994189
5923
86141
499929
767151
809088
358687
207483
249591
811253
886818
605820
788095
630450
7000
586753
741150
713339
735547
254332
685293
198619
438986
624433
793297
301000
168441
448481
451494
167247
479526
474558
5884
406564
541030
401379
243801
463207
669592
813126
751144
737544
120810
665007
144256
225066
749340
631723
361257
375829
375806
