909066
456159
408247
913555
743362
782690
777278
320350
486893
441393
809741
833950
307032
879052
935881
791353
319446
347761
782214
669992
74349
442455
73922
901717
121052
933595
429740
627
273931
133879
511652
684357
327177
677262
874037
867394
228861
406199
166307
732015
109475
871514
83929
148948
426551
828088
865274
759779
855412
63728
398461
628429
286670
296384
776583
119400
37400
584642
562364
334129
664643
50043
810323
553229
380345
507640
6059
264838
756877
835880
102532
536943
224534
801253
150364
347725
524057
894017
55450
67483
737508
504267
805480
671707
109344
627192
263474
843059
287030
304446
3093
659081
374267
164016
770433
896153
507107
633335
487493
931285
611534
522701
640956
191454
772305
18064
995581
444739
969763
585723
446830
820253
106815
549356
502634
255483
44304
979195
617767
289557
229740
629220
93364
979010
130986
149955
754596
845542
801305
747758
310823
578006
406097
309110
243137
100244
723378
691120
560979
910702
962571
222322
402409
382437
245390
773468
608514
220833
91970
189934
625325
830997
558898
399873
709295
377875
695924
326005
696608
867430
150864
690254
153434
165779
316345
191113
301861
212233
106766
555555
436828
314338
91940
56271
249748
167140
267463
766652
13740
25043
350835
161314
86002
591892
157683
856477
77556
446643
112758
39157
221377
810444
951800
616784
165900
545847
413207
835936
878521
569251
10654
202570
276583
121904
196190
710030
751311
426633
936251
964791
463165
184192
565072
535968
809224
805067
775203
115738
756480
150542
965011
821360
599541
810918
101111
919419
882748
354677
276090
88164
519889
596477
397827
160742
299112
876909
941827
775238
407744
470445
159013
648811
324751
716672
519887
130018
223847
740621
184941
314533
159897
683068
450601
331464
678083
518338
399327
834301
6987
456308
660595
44939
735638
540461
345507
167367
98015
374864
498562
553949
880866
523641
978652
318076
308361
646567
346492
349901
523027
107962
425017
324042
46933
11783
290869
72844
743519
916950
786734
864848
151344
85397
760194
287230
717166
864831
360851
726515
898363
481312
251105
99864
374473
764318
818983
18564
605542
25814
269787
333283
30518
630186
796995
772024
930347
473946
355386
884306
372982
49356
836113
776311
803114
90345
503706
929508
350892
943293
321305
759462
450592
491263
696194
996447
903230
53391
875813
910577
426140
624042
424712
197941
471132
655237
518406
940756
368611
489510
482475
760670
238685
643398
973379
953095
617556
244701
189735
109948
3549
913997
140456
458085
564153
340821
671337
841940
14579
726960
270198
296881
74054
54733
197712
403369
778069
574691
113337
1424
506766
406418
493794
105479
202135
645247
418253
822921
368722
640332
264227
889434
437400
438834
166253
376597
871972
110250
527905
961014
349336
283640
813064
86723
180929
755432
75596
868907
677721
489090
426052
561988
847549
584193
853900
377477
392506
366462
218763
340799
584451
331395
978133
508718
654574
777758
304906
46433
269711
716485
603308
196578
183096
850138
67915
876896
980710
500470
584966
996136
117355
900615
831417
755166
866369
227474
886019
540250
881302
536081
577782
86592
272229
715301
472292
269203
339471
458364
934013
926651
480204
68614
230984
955672
472777
817892
941006
91339
57636
225755
762786
519007
903044
903122
238302
742257
799078
106565
851929
74078
625237
98906
2282
865177
244120
634946
196334
924645
124195
124491
578791
177629
155788
463985
750645
792289
555841
542355
538713
573736
378099
369592
934333
315280
460237
410502
491638
116097
223376
389646
16747
280053
938579
433579
560621
807154
358812
148478
905356
494635
445462
689610
791618
809235
549444
928180
27369
401305
483196
658529
317612
886555
881232
537465
72312
581909
917793
267973
96269
679469
955067
532782
784590
439143
293553
180685
856231
61947
911841
689590
675339
982281
808635
410036
477720
167422
131880
873406
326777
157013
762478
837878
67081
326747
899237
593156
842111
825711
336939
181532
622036
151975
793552
406441
844
128460
267247
207998
564171
767870
89705
304389
941922
181881
111541
55767
27901
512561
886581
22912
816722
844216
288905
150533
22430
889715
453379
814159
135606
632210
716126
693417
620090
677087
473543
723321
214983
26543
234833
228667
467146
672063
419950
188489
743223
66480
769293
111107
240447
435043
295508
798229
58897
452968
16413
22868
236351
806909
893377
328513
305302
330779
907516
538395
453877
797331
440447
890727
954007
326957
612661
1988
492079
916062
188875
935770
757832
962781
949427
521455
618936
380461
901231
270394
102477
375141
365272
285516
152882
661921
57670
327445
540780
42470
488041
398464
2343
147342
372244
592028
194651
683318
152570
937904
69823
559008
819691
512784
774050
153776
80421
575446
353371
163385
974319
201102
10280
67236
708288
765658
257881
164702
714022
418887
216517
401628
980575
901317
624268
293174
870353
807294
846139
817130
112048
495261
801806
124763
622754
291610
127345
813167
712486
662463
628425
475099
106095
704119
105682
913991
70571
771688
517543
16162
154709
749196
799572
270439
237534
970659
874221
552708
502364
527762
945897
631410
97691
176212
291573
126571
891293
58719
763688
479302
849915
410237
942949
480346
191170
461119
123941
176825
652388
785617
483271
315616
190161
373620
497794
514809
332522
193254
964527
212477
451329
865578
23733
584511
942577
224242
587593
10637
934009
254449
286743
848564
914931
151313
85450
734138
758236
470129
458078
477159
654866
373248
395812
602966
74719
166340
332308
292184
562526
520769
563697
46419
568577
298299
740999
273579
70912
92761
894608
337547
595737
425256
220040
103673
433249
620252
282345
635077
10315
185853
262002
606258
511490
300195
274159
478696
837115
261904
554621
666950
878447
653163
863134
286734
457680
711315
115824
469512
658016
615918
678765
311659
749426
897313
593703
434617
151537
263108
475430
369216
177895
692566
559044
499178
423096
558445
807387
797668
159291
657313
137922
897932
675926
967506
152279
620959
403303
95032
506443
78881
406759
496539
764367
950718
153117
157984
823281
967957
469723
983491
698559
873219
899657
850665
15838
753108
423416
531016
445417
837874
635206
782761
563193
198294
410220
836077
99243
164409
520726
944352
375264
757526
959682
636934
446211
487095
731223
92116
810411
52454
600001
7289
89284
345773
809581
882378
913343
711440
864608
523645
686667
350410
488623
31636
454462
716295
572425
548167
989132
818866
361257
314783
434171
933751
967198
741633
887219
920089
658355
615339
548822
45602
267099
28238
99039
971703
167153
994447
361698
598810
270057
287330
752534
388166
763367
263964
680749
875745
651404
318476
361050
931054
992818
400417
929409
11934
839686
457461
863338
8302
466404
704196
441779
795463
964370
221337
352464
130070
46965
865983
390265
206898
712360
134334
380521
387027
293206
485218
134958
692618
696980
246767
605937
934301
953900
242548
517664
207463
19946
957637
76173
666725
251740
253064
734839
880872
658744
705809
